28.120000 
28.120000 
28.120000 
28.120000 
28.060000 
28.060000 
28.060000 
28.060000 
28.060000 
28.060000 
28.000000 
28.060000 
28.000000 
28.060000 
28.060000 
28.060000 
28.000000 
28.000000 
28.060000 
28.060000 
28.060000 
28.060000 
28.060000 
28.060000 
28.120000 
28.120000 
28.120000 
28.120000 
28.120000 
28.120000 
28.120000 
28.180000 
28.180000 
28.180000 
28.180000 
28.180000 
28.180000 
28.180000 
28.180000 
28.180000 
28.180000 
28.180000 
28.180000 
28.180000 
28.250000 
28.180000 
28.250000 
28.250000 
28.250000 
28.250000 
28.250000 
28.250000 
28.250000 
28.250000 
28.250000 
28.310000 
28.250000 
28.250000 
28.250000 
28.250000 
28.250000 
28.250000 
28.310000 
28.250000 
28.310000 
28.310000 
28.310000 
28.310000 
28.370000 
28.370000 
28.370000 
28.370000 
28.430000 
28.370000 
28.370000 
28.370000 
28.370000 
28.370000 
28.370000 
28.370000 
28.370000 
28.370000 
28.370000 
28.370000 
28.310000 
28.310000 
28.310000 
28.310000 
28.310000 
28.310000 
28.310000 
28.310000 
28.310000 
28.310000 
28.310000 
28.310000 
28.310000 
28.310000 
28.310000 
28.310000 
28.310000 
28.310000 
28.310000 
28.310000 
28.310000 
28.310000 
28.310000 
28.250000 
28.310000 
28.250000 
28.250000 
28.250000 
28.250000 
28.310000 
28.250000 
28.250000 
28.250000 
28.250000 
28.310000 
28.250000 
28.310000 
28.310000 
28.250000 
28.250000 
28.250000 
28.250000 
28.250000 
28.250000 
28.180000 
28.180000 
28.180000 
28.180000 
28.180000 
28.180000 
28.180000 
28.180000 
28.180000 
28.180000 
28.180000 
28.180000 
28.180000 
28.180000 
28.180000 
28.180000 
28.180000 
28.120000 
28.180000 
28.180000 
28.180000 
28.180000 
28.180000 
28.180000 
28.180000 
28.180000 
28.180000 
28.180000 
28.180000 
28.250000 
28.250000 
28.250000 
28.250000 
28.250000 
28.250000 
28.250000 
28.250000 
28.250000 
28.250000 
28.250000 
28.250000 
28.250000 
28.180000 
28.250000 
28.250000 
28.180000 
28.180000 
28.180000 
28.180000 
28.180000 
28.180000 
28.180000 
28.180000 
28.180000 
28.180000 
28.180000 
28.120000 
28.180000 
28.120000 
28.120000 
28.120000 
28.120000 
28.120000 
28.120000 
28.120000 
28.120000 
28.120000 
28.120000 
28.120000 
28.120000 
28.120000 
28.120000 
28.120000 
28.120000 
28.120000 
28.180000 
28.120000 
28.180000 
28.180000 
28.180000 
28.180000 
28.180000 
28.180000 
28.250000 
28.310000 
28.370000 
28.370000 
28.430000 
28.560000 
28.620000 
28.750000 
28.870000 
29.000000 
29.120000 
29.250000 
29.370000 
29.500000 
29.620000 
29.750000 
29.870000 
30.000000 
30.120000 
30.310000 
30.430000 
30.560000 
30.750000 
30.870000 
31.000000 
31.120000 
31.310000 
31.430000 
31.560000 
31.620000 
31.810000 
31.930000 
32.060000 
32.180000 
32.310000 
32.430000 
32.560000 
32.680000 
32.750000 
32.870000 
33.000000 
33.060000 
33.180000 
33.250000 
33.310000 
33.430000 
33.500000 
33.620000 
33.680000 
33.750000 
33.750000 
33.810000 
33.810000 
33.870000 
33.930000 
33.930000 
34.000000 
34.060000 
34.120000 
34.120000 
34.180000 
34.250000 
34.310000 
34.370000 
34.370000 
34.430000 
34.500000 
34.500000 
34.500000 
34.560000 
34.560000 
34.560000 
34.560000 
34.620000 
34.620000 
34.620000 
34.620000 
34.620000 
34.620000 
34.620000 
34.680000 
34.680000 
34.680000 
34.680000 
34.680000 
34.680000 
34.680000 
34.680000 
34.750000 
34.750000 
34.750000 
34.750000 
34.750000 
34.750000 
34.750000 
34.750000 
34.750000 
34.680000 
34.680000 
34.680000 
34.680000 
34.680000 
34.680000 
34.620000 
34.620000 
34.620000 
34.620000 
34.560000 
34.560000 
34.560000 
34.500000 
34.500000 
34.500000 
34.500000 
34.500000 
34.500000 
34.430000 
34.430000 
34.430000 
34.430000 
34.430000 
34.500000 
34.500000 
34.500000 
34.500000 
34.500000 
34.560000 
34.500000 
34.560000 
34.560000 
34.560000 
34.560000 
34.620000 
34.620000 
34.620000 
34.620000 
34.620000 
34.620000 
34.620000 
34.680000 
34.620000 
34.680000 
34.680000 
34.680000 
34.680000 
34.750000 
34.750000 
34.750000 
34.810000 
34.810000 
34.810000 
34.810000 
34.870000 
34.870000 
34.870000 
34.870000 
34.870000 
34.930000 
34.930000 
34.930000 
34.930000 
34.930000 
34.930000 
34.930000 
34.930000 
35.000000 
35.000000 
35.000000 
35.000000 
35.000000 
35.000000 
35.060000 
35.060000 
35.060000 
35.060000 
35.120000 
35.120000 
35.120000 
35.120000 
35.120000 
35.120000 
35.120000 
35.120000 
35.120000 
35.120000 
35.060000 
35.060000 
35.000000 
35.000000 
35.000000 
35.000000 
34.930000 
34.930000 
34.870000 
34.870000 
34.810000 
34.810000 
34.810000 
34.810000 
34.810000 
34.810000 
34.810000 
34.870000 
34.870000 
34.870000 
34.930000 
34.930000 
35.000000 
35.000000 
35.000000 
35.060000 
35.060000 
35.060000 
35.060000 
35.060000 
35.060000 
35.060000 
35.060000 
35.060000 
35.060000 
35.060000 
35.060000 
35.000000 
35.000000 
35.000000 
35.000000 
35.000000 
35.000000 
35.000000 
35.000000 
35.000000 
35.000000 
35.000000 
34.930000 
34.930000 
34.930000 
34.930000 
34.870000 
34.870000 
34.870000 
34.870000 
34.870000 
34.810000 
34.810000 
34.810000 
34.810000 
34.810000 
34.810000 
34.810000 
34.810000 
34.810000 
34.810000 
34.810000 
34.810000 
34.810000 
34.810000 
34.810000 
34.810000 
34.810000 
34.810000 
34.870000 
34.870000 
34.930000 
34.930000 
35.000000 
35.000000 
35.000000 
35.000000 
35.000000 
35.060000 
35.060000 
35.060000 
35.060000 
35.060000 
35.060000 
35.060000 
35.060000 
35.120000 
35.120000 
35.120000 
35.120000 
35.120000 
35.120000 
35.120000 
35.120000 
35.120000 
35.120000 
35.120000 
35.120000 
35.120000 
35.180000 
35.180000 
35.180000 
35.180000 
35.180000 
35.180000 
35.180000 
35.180000 
35.180000 
35.180000 
35.180000 
35.180000 
35.180000 
35.250000 
35.180000 
35.180000 
35.120000 
35.120000 
35.120000 
35.060000 
35.060000 
35.060000 
35.060000 
35.060000 
35.000000 
35.000000 
35.000000 
34.930000 
34.930000 
34.930000 
34.870000 
34.870000 
34.870000 
34.870000 
34.870000 
34.870000 
34.870000 
34.930000 
34.930000 
35.000000 
35.000000 
35.000000 
35.000000 
35.060000 
35.060000 
35.060000 
35.120000 
35.120000 
35.120000 
35.120000 
35.120000 
35.120000 
35.120000 
35.120000 
35.180000 
35.180000 
35.180000 
35.250000 
35.250000 
35.250000 
35.250000 
35.250000 
35.250000 
35.250000 
35.250000 
35.250000 
35.250000 
35.250000 
35.250000 
35.250000 
35.250000 
35.250000 
35.250000 
35.250000 
35.250000 
35.250000 
35.250000 
35.250000 
35.250000 
35.250000 
35.250000 
35.310000 
35.310000 
35.310000 
35.250000 
35.310000 
35.310000 
35.310000 
35.310000 
35.310000 
35.310000 
35.310000 
35.310000 
35.370000 
35.370000 
35.370000 
35.370000 
35.370000 
35.370000 
