36.502827 
46.504549 
55.145484 
62.555481 
68.854561 
74.153506 
78.554421 
82.151262 
84.932748 
87.088386 
88.689473 
89.633842 
90.086405 
90.050634 
89.656399 
88.992409 
88.161616 
87.137477 
85.988929 
84.770550 
83.538436 
82.308130 
81.018508 
79.695750 
78.442223 
77.175971 
75.821918 
74.479274 
73.148783 
71.829374 
70.518630 
69.213288 
67.826101 
66.448110 
65.075065 
63.702952 
62.328070 
60.947342 
59.558161 
58.158038 
56.828454 
55.556681 
54.247737 
52.986154 
51.775990 
50.592433 
49.343928 
48.118061 
46.907683 
45.804124 
44.691538 
43.663879 
42.691360 
41.775806 
40.807348 
39.969118 
39.058304 
38.260745 
37.459800 
36.748634 
36.013146 
35.348997 
34.742341 
34.180995 
33.640561 
33.127896 
32.635336 
32.156115 
31.768403 
31.358847 
31.024038 
30.667028 
30.287245 
30.051737 
29.771573 
29.533101 
29.328309 
29.150273 
28.993031 
28.851464 
28.804829 
28.755049 
28.700161 
28.638782 
28.653499 
28.648829 
28.723105 
28.766817 
28.865822 
28.927814 
29.039782 
29.110401 
29.227470 
29.300616 
29.334871 
29.432478 
29.487368 
29.588499 
29.646194 
29.666199 
29.737411 
29.770182 
29.853602 
29.898171 
29.909387 
29.989947 
30.034018 
30.046648 
30.032543 
29.995853 
30.024071 
30.025976 
30.005414 
29.965942 
29.994336 
29.998934 
29.983295 
30.034119 
30.059749 
30.063768 
30.146892 
30.201436 
30.230837 
30.238371 
30.227003 
30.282965 
30.313919 
30.323088 
30.313402 
30.287448 
30.247751 
30.196596 
30.135954 
30.067825 
29.910326 
29.843201 
29.772077 
29.697984 
29.621989 
29.545051 
29.551570 
29.463850 
29.377859 
29.377415 
29.284310 
29.277739 
29.262939 
29.156757 
29.054395 
28.955494 
28.859720 
28.766776 
28.676382 
28.588544 
28.503079 
28.419738 
28.338537 
28.259286 
28.182005 
28.106758 
28.033328 
27.961392 
27.890620 
27.820700 
27.751362 
27.682381 
27.613591 
27.628498 
27.632407 
27.626262 
27.610962 
27.587329 
27.556164 
27.518205 
27.557805 
27.581037 
27.589528 
27.584777 
27.568179 
27.638598 
27.687162 
27.716455 
27.728856 
27.726509 
27.711327 
27.684983 
27.648972 
27.688522 
27.710525 
27.717308 
27.710917 
27.693134 
27.665839 
27.630758 
27.589402 
27.543031 
27.576340 
27.595601 
27.602509 
27.598537 
37.094233 
45.341136 
52.456517 
58.548803 
63.718131 
68.140492 
71.806329 
74.794844 
77.178750 
79.024987 
80.311234 
81.188115 
81.622012 
81.784485 
81.670174 
81.346489 
80.898094 
80.297184 
79.668533 
78.976837 
78.340022 
77.675216 
77.017579 
76.366054 
75.744291 
75.058179 
74.404600 
73.712629 
73.058174 
72.450425 
71.784550 
71.149831 
70.470335 
69.819297 
69.107136 
68.437058 
67.703965 
67.011578 
66.338725 
65.597136 
64.891149 
64.200356 
63.534953 
62.875778 
62.234009 
61.591336 
60.959729 
60.237897 
59.616635 
58.983288 
58.434672 
57.873887 
57.285859 
56.769109 
56.214353 
55.721582 
55.280406 
54.881633 
54.419486 
53.997099 
53.606594 
53.227231 
52.868813 
52.526202 
52.194971 
51.857237 
51.525553 
51.196916 
50.868915 
50.623391 
50.448122 
50.234443 
50.082845 
49.899795 
49.771133 
49.688142 
49.559445 
49.472809 
49.421138 
49.398122 
49.398160 
49.416287 
49.448352 
49.491023 
49.541405 
49.597137 
49.572474 
49.560286 
49.558271 
49.564282 
49.576489 
49.593407 
49.613877 
49.636996 
49.662081 
49.688607 
49.716205 
49.744596 
49.773574 
49.886377 
49.987980 
50.076594 
50.151098 
50.210945 
50.339684 
50.443011 
50.522513 
50.579903 
50.617003 
50.719351 
50.710593 
50.688181 
50.654159 
50.610572 
50.559367 
50.502302 
50.440927 
50.376832 
50.227819 
50.089681 
49.962372 
49.845660 
49.739446 
49.643301 
49.556629 
49.478700 
49.325090 
49.189620 
49.070523 
48.966131 
48.874882 
48.795058 
48.724995 
48.663203 
48.608363 
48.559356 
48.515238 
48.475223 
48.438662 
48.404775 
48.372820 
48.244552 
48.129813 
48.027078 
47.935002 
47.852423 
47.778340 
47.711895 
47.652341 
47.599041 
47.551400 
47.508910 
47.471099 
47.437534 
47.407496 
47.380253 
47.355123 
47.331550 
47.309063 
47.287300 
47.265986 
47.244924 
47.140322 
47.046657 
46.962852 
46.887949 
46.821098 
46.761520 
46.708513 
46.661437 
46.619724 
46.582823 
46.550261 
46.521596 
46.496399 
46.557666 
46.610130 
46.654177 
46.690219 
46.816278 
46.922490 
47.010502 
47.081896 
47.138190 
47.180827 
47.211145 
47.230423 
47.323489 
47.313490 
47.297378 
47.276329 
47.251358 
47.223678 
47.194413 
47.066932 
47.049947 
47.032507 
47.015123 
46.998144 
46.981803 
46.966499 
46.952329 
46.939242 
46.927088 
46.915697 
46.988542 
47.050842 
47.103117 
47.146080 
47.180515 
47.207195 
47.310519 
47.396603 
47.383459 
47.450874 
47.504679 
47.546273 
47.576955 
47.598181 
47.611393 
47.617902 
47.618844 
47.615216 
47.607863 
47.597776 
47.502241 
47.416349 
47.339660 
47.271759 
47.212211 
47.160530 
47.116213 
46.995062 
46.891113 
46.802789 
46.728620 
46.667212 
46.617246 
46.577232 
46.545713 
46.521366 
46.502990 
46.489581 
46.480293 
46.474396 
46.471021 
46.469342 
46.468669 
46.468476 
46.552039 
46.540867 
46.614061 
46.676925 
46.646746 
46.619038 
46.593692 
46.570618 
46.549774 
46.531117 
46.514634 
46.500295 
46.488088 
46.478270 
46.470870 
46.368494 
46.379299 
46.391665 
46.405458 
46.420481 
46.338952 
46.368645 
46.397907 
46.426723 
46.455095 
46.483051 
46.510630 
46.537879 
46.564549 
46.493052 
46.433865 
46.483571 
46.433322 
46.393478 
46.363106 
46.341434 
46.327760 
46.321444 
46.321845 
46.328319 
46.340236 
46.356978 
46.377629 
46.401244 
46.427257 
46.454960 
46.483665 
46.512761 
46.541735 
46.570168 
46.597753 
46.624273 
46.647595 
46.763793 
46.861517 
46.941361 
47.004169 
47.050956 
46.985276 
46.918712 
46.948970 
46.868330 
46.788627 
46.807724 
46.717993 
46.728866 
46.632931 
46.639873 
46.542135 
46.549104 
46.550463 
46.449382 
46.356678 
46.369436 
46.376569 
46.378451 
46.278104 
46.186219 
46.102154 
46.025069 
45.954414 
45.889424 
45.829648 
45.691099 
45.651404 
45.530650 
45.423202 
45.327958 
45.243950 
45.169943 
45.104680 
45.047004 
45.079522 
45.023081 
45.056126 
45.083311 
45.104714 
45.120648 
45.131250 
45.136657 
45.137026 
45.230174 
45.306027 
45.366089 
45.411822 
45.444888 
45.466678 
45.562337 
45.638725 
45.698168 
45.742794 
45.774505 
45.794998 
45.805775 
45.892143 
45.961088 
46.015004 
46.056003 
46.085922 
46.022694 
45.962536 
45.905919 
45.853173 
45.804499 
45.759960 
45.719514 
45.683018 
45.650537 
45.622152 
45.597874 
45.577621 
45.561229 
45.548185 
45.537866 
45.529653 
45.522978 
45.517340 
45.512318 
45.507578 
45.586508 
45.654323 
45.711884 
45.760026 
45.799551 
45.831231 
45.855807 
45.873983 
45.886424 
45.893753 
45.896550 
45.895354 
