25.109392 
25.197141 
25.266871 
25.321630 
25.473365 
25.593187 
25.686522 
25.757923 
25.811209 
25.849583 
25.985118 
25.979630 
26.079048 
26.044405 
26.011686 
25.981372 
26.063147 
26.126572 
26.066376 
26.016916 
25.977167 
25.946085 
25.922631 
25.906266 
25.786670 
25.694329 
25.624665 
25.573622 
25.537710 
25.514457 
25.501915 
25.388575 
25.303531 
25.241503 
25.198103 
25.169709 
25.153352 
25.146140 
25.145601 
25.149760 
25.157112 
25.166541 
25.177255 
25.188706 
25.072442 
25.108233 
25.010847 
24.933556 
24.872611 
24.824991 
24.788265 
24.760473 
24.740033 
24.725658 
24.716300 
24.601706 
24.621596 
24.640165 
24.657456 
24.673129 
24.686825 
24.698297 
24.598044 
24.626505 
24.539733 
24.469516 
24.412933 
24.367585 
24.221641 
24.104489 
24.011302 
23.938105 
23.772196 
23.751223 
23.738186 
23.731212 
23.729075 
23.730415 
23.734021 
23.738922 
23.744386 
23.749414 
23.753141 
23.754956 
23.863897 
23.948323 
24.011861 
24.057839 
24.089209 
24.108549 
24.118072 
24.119670 
24.114944 
24.105239 
24.091676 
24.075178 
24.056499 
24.036717 
24.016819 
23.997556 
23.979432 
23.962732 
23.947566 
23.933919 
23.921684 
23.910701 
23.900777 
24.001102 
23.971042 
24.054458 
24.119560 
24.169332 
24.206287 
24.123149 
24.162133 
24.190092 
24.208888 
24.220095 
24.115653 
24.137117 
24.041858 
23.962327 
24.005802 
24.039526 
24.065624 
24.085785 
24.100857 
24.111819 
24.247193 
24.354844 
24.439580 
24.504916 
24.554116 
24.589559 
24.613153 
24.627003 
24.633060 
24.633006 
24.628238 
24.619891 
24.608872 
24.596455 
24.583798 
24.571798 
24.561061 
24.661336 
24.632349 
24.608764 
24.589891 
24.575063 
24.563650 
24.555066 
24.548782 
24.544324 
24.541276 
24.539285 
24.538058 
24.409733 
24.307473 
24.226947 
24.164377 
24.116555 
24.080791 
24.054848 
24.036877 
24.025354 
24.019024 
24.016855 
24.018000 
24.021765 
24.154649 
24.135094 
24.119378 
24.233878 
24.324807 
24.395758 
24.449858 
24.489825 
24.518013 
24.536455 
24.546899 
24.550846 
24.549574 
24.544724 
24.646642 
24.615515 
24.696389 
24.758579 
24.805943 
24.841600 
24.868037 
24.887220 
24.900685 
24.909630 
24.914987 
24.917470 
24.917638 
24.916394 
24.914111 
24.911405 
37.343084 
47.315152 
55.240013 
61.354588 
66.189995 
69.746052 
72.358836 
74.196500 
75.399787 
76.086379 
76.354567 
76.158707 
75.610564 
74.838189 
74.070371 
73.270794 
72.382632 
71.605321 
70.833293 
70.117528 
69.454327 
68.870130 
68.343766 
67.889725 
67.478628 
67.119358 
66.779676 
66.468659 
66.156330 
65.854260 
65.426094 
65.017774 
64.601662 
64.064730 
63.553959 
63.042643 
62.546288 
61.931961 
61.348661 
60.771075 
60.324851 
59.746231 
59.187615 
58.625703 
58.078017 
57.522051 
56.975610 
56.416397 
55.862868 
55.402918 
54.924212 
54.408917 
53.988733 
53.533086 
53.136942 
52.803753 
52.408283 
52.050323 
51.628017 
51.260062 
50.914422 
50.710960 
50.509146 
50.414323 
50.292148 
50.144006 
50.080648 
49.954342 
49.792396 
49.598808 
49.486533 
49.327423 
49.109527 
48.860178 
48.584166 
48.395257 
48.166728 
47.887748 
47.695695 
47.573810 
47.398631 
47.289301 
47.232078 
47.215768 
47.121635 
47.072703 
47.058454 
47.069949 
47.100108 
47.143062 
47.193774 
47.139026 
47.107187 
47.092477 
47.090414 
47.097644 
47.111800 
47.130728 
47.152808 
47.049300 
46.972374 
46.917391 
46.880617 
46.859043 
46.849703 
46.850039 
46.857966 
46.871797 
47.017858 
47.142254 
47.248407 
47.339253 
47.416739 
47.482390 
47.646958 
47.780661 
47.888319 
47.974082 
48.150957 
48.291016 
48.400570 
48.594891 
48.748046 
48.867913 
48.961022 
49.032692 
49.087268 
49.256377 
49.390508 
49.496563 
49.580147 
49.646266 
49.571424 
49.511778 
49.466085 
49.433233 
49.412056 
49.291936 
49.312038 
49.227095 
49.168081 
49.131296 
49.113535 
49.002558 
48.926817 
48.879828 
48.855921 
48.850299 
48.859009 
48.878860 
48.797397 
48.852948 
48.799492 
48.766998 
48.751121 
48.748383 
48.627932 
48.539949 
48.478111 
48.327931 
48.216371 
48.136527 
48.082749 
47.940508 
47.836983 
47.765063 
47.718787 
47.693198 
47.574847 
47.490934 
47.434590 
47.400128 
47.382530 
47.377621 
47.382101 
47.393433 
47.281607 
47.197579 
47.135727 
47.091528 
47.061436 
47.042149 
46.921555 
46.828577 
46.758008 
46.705648 
46.558727 
46.445554 
46.360302 
46.297606 
46.252865 
46.222287 
46.202830 
46.192067 
46.188095 
46.188929 
46.302291 
46.395834 
46.581625 
46.730550 
46.847848 
46.938099 
47.132955 
47.283115 
47.505346 
47.674934 
47.910287 
48.088012 
48.218186 
48.309791 
48.370467 
48.407075 
48.425345 
48.320530 
48.227298 
48.145383 
47.965067 
47.817338 
47.570731 
47.375080 
47.223371 
46.999964 
46.830311 
46.705768 
46.618808 
46.562908 
46.531983 
46.520703 
46.524584 
46.539467 
46.561839 
46.588394 
46.616430 
46.753386 
46.866421 
46.957869 
47.030054 
47.085246 
47.125697 
47.153559 
47.170872 
47.179483 
47.181081 
47.177180 
47.296710 
47.387897 
47.456379 
47.506990 
47.653064 
47.766764 
47.854205 
47.920378 
47.969363 
48.113814 
48.225379 
48.309830 
48.371925 
48.416183 
48.446461 
48.465959 
48.477178 
48.482596 
48.484269 
48.483747 
48.482148 
48.480228 
48.478960 
48.479131 
48.481246 
48.485538 
48.492023 
48.391185 
48.313828 
48.146635 
48.017292 
47.791701 
47.617260 
47.485139 
47.387908 
47.319348 
47.164876 
47.051262 
46.971360 
46.919245 
46.889527 
46.877600 
46.879220 
46.890840 
46.799722 
46.734186 
46.688597 
46.658526 
46.640567 
46.631607 
46.629133 
46.631247 
46.636589 
46.644256 
46.653663 
46.664479 
46.676525 
46.579849 
46.504943 
46.447804 
46.405167 
46.374382 
46.353310 
46.340241 
46.333782 
46.332814 
46.336387 
46.343741 
46.354236 
46.367384 
46.254615 
46.295546 
46.332382 
46.474694 
46.591694 
46.687346 
46.874419 
47.024820 
47.144658 
47.239146 
47.312672 
47.478321 
47.608174 
47.707905 
47.910322 
48.067064 
48.186646 
48.385720 
48.539273 
48.656305 
48.744358 
48.809555 
48.856814 
48.890042 
48.803385 
48.730816 
48.543340 
48.390915 
48.267300 
48.167457 
47.978345 
47.828065 
47.710533 
47.511171 
47.356569 
47.239295 
47.153044 
47.092005 
47.051184 
47.025881 
47.012109 
46.897254 
46.809847 
46.743905 
46.566840 
46.427575 
46.318325 
46.232673 
46.165476 
46.112689 
46.071170 
46.038501 
46.012829 
45.992742 
45.976688 
45.963331 
45.951646 
45.940373 
45.928446 
45.915128 
45.900016 
45.882954 
45.863969 
45.843217 
45.820948 
45.797447 
45.773015 
45.747921 
45.613054 
45.499698 
45.404441 
45.433802 
45.344929 
45.270431 
45.207988 
45.155634 
45.111684 
45.074712 
45.043519 
45.017071 
44.885112 
44.777465 
44.689368 
44.616880 
44.557262 
44.507981 
