19.930000 
19.930000 
19.930000 
19.930000 
19.930000 
19.930000 
19.930000 
19.930000 
20.000000 
20.000000 
20.000000 
20.120000 
20.180000 
20.310000 
20.430000 
20.560000 
20.680000 
20.870000 
21.060000 
21.250000 
21.430000 
21.620000 
21.870000 
22.120000 
22.310000 
22.560000 
22.870000 
23.120000 
23.370000 
23.620000 
23.870000 
24.120000 
24.430000 
24.680000 
24.930000 
25.180000 
25.430000 
25.680000 
25.930000 
26.180000 
26.370000 
26.560000 
26.810000 
27.000000 
27.180000 
27.370000 
27.620000 
27.810000 
28.000000 
28.120000 
28.310000 
28.430000 
28.560000 
28.680000 
28.870000 
28.930000 
29.120000 
29.180000 
29.310000 
29.370000 
29.500000 
29.560000 
29.620000 
29.680000 
29.750000 
29.810000 
29.870000 
29.930000 
29.930000 
30.000000 
30.000000 
30.060000 
30.120000 
30.060000 
30.120000 
30.120000 
30.120000 
30.120000 
30.120000 
30.120000 
30.060000 
30.060000 
30.060000 
30.060000 
30.000000 
30.000000 
29.930000 
29.930000 
29.870000 
29.870000 
29.810000 
29.810000 
29.750000 
29.750000 
29.750000 
29.680000 
29.680000 
29.620000 
29.620000 
29.620000 
29.560000 
29.560000 
29.500000 
29.500000 
29.500000 
29.430000 
29.430000 
29.430000 
29.430000 
29.430000 
29.370000 
29.370000 
29.370000 
29.370000 
29.310000 
29.310000 
29.310000 
29.250000 
29.250000 
29.250000 
29.180000 
29.180000 
29.180000 
29.180000 
29.180000 
29.120000 
29.120000 
29.120000 
29.120000 
29.120000 
29.120000 
29.120000 
29.120000 
29.120000 
29.180000 
29.120000 
29.120000 
29.120000 
29.120000 
29.120000 
29.060000 
29.120000 
29.120000 
29.060000 
29.120000 
29.060000 
29.060000 
29.120000 
29.120000 
29.120000 
29.120000 
29.120000 
29.120000 
29.120000 
29.120000 
29.120000 
29.120000 
29.120000 
29.120000 
29.120000 
29.120000 
29.120000 
29.120000 
29.120000 
29.120000 
29.120000 
29.120000 
29.060000 
29.060000 
29.060000 
29.060000 
29.060000 
29.060000 
29.060000 
29.000000 
29.000000 
29.000000 
29.000000 
29.000000 
28.930000 
28.930000 
28.930000 
28.930000 
28.930000 
28.930000 
28.930000 
28.930000 
28.870000 
28.870000 
28.870000 
28.870000 
28.870000 
28.870000 
28.870000 
28.870000 
28.870000 
28.810000 
28.810000 
28.810000 
28.810000 
28.810000 
28.810000 
28.810000 
28.810000 
28.810000 
28.750000 
28.750000 
28.750000 
28.750000 
28.750000 
28.810000 
28.810000 
28.870000 
28.870000 
28.930000 
29.000000 
29.060000 
29.180000 
29.250000 
29.370000 
29.430000 
29.560000 
29.680000 
29.810000 
29.930000 
30.120000 
30.250000 
30.430000 
30.560000 
30.680000 
30.870000 
31.000000 
31.180000 
31.310000 
31.500000 
31.620000 
31.810000 
31.930000 
32.060000 
32.250000 
32.370000 
32.500000 
32.620000 
32.750000 
32.870000 
33.000000 
33.120000 
33.310000 
33.370000 
33.500000 
33.560000 
33.680000 
33.810000 
33.870000 
34.000000 
34.060000 
34.120000 
34.180000 
34.310000 
34.370000 
34.430000 
34.500000 
34.560000 
34.620000 
34.680000 
34.750000 
34.810000 
34.870000 
34.930000 
34.930000 
34.930000 
35.000000 
35.000000 
35.060000 
35.060000 
35.060000 
35.120000 
35.120000 
35.120000 
35.120000 
35.120000 
35.120000 
35.120000 
35.120000 
35.120000 
35.120000 
35.180000 
35.180000 
35.180000 
35.180000 
35.180000 
35.180000 
35.180000 
35.180000 
35.180000 
35.180000 
35.180000 
35.180000 
35.180000 
35.120000 
35.120000 
35.120000 
35.120000 
35.120000 
35.060000 
35.060000 
35.060000 
35.060000 
35.060000 
35.000000 
35.060000 
35.060000 
35.060000 
35.060000 
35.060000 
35.060000 
35.060000 
35.060000 
35.120000 
35.120000 
35.120000 
35.120000 
35.120000 
35.120000 
35.120000 
35.120000 
35.180000 
35.180000 
35.180000 
35.180000 
35.180000 
35.180000 
35.180000 
35.180000 
35.180000 
35.180000 
35.180000 
35.180000 
35.180000 
35.180000 
35.180000 
35.250000 
35.250000 
35.250000 
35.250000 
35.250000 
35.250000 
35.250000 
35.250000 
35.250000 
35.250000 
35.250000 
35.250000 
35.250000 
35.250000 
35.250000 
35.250000 
35.250000 
35.250000 
35.250000 
35.250000 
35.250000 
35.310000 
35.310000 
35.310000 
35.310000 
35.310000 
35.310000 
35.310000 
35.310000 
35.310000 
35.310000 
35.310000 
35.310000 
35.310000 
35.250000 
35.250000 
35.250000 
35.250000 
35.180000 
35.180000 
35.180000 
35.180000 
35.180000 
35.180000 
35.180000 
35.180000 
35.120000 
35.180000 
35.180000 
35.180000 
35.180000 
35.180000 
35.180000 
35.250000 
35.180000 
35.180000 
35.180000 
35.180000 
35.180000 
35.180000 
35.180000 
35.180000 
35.180000 
35.180000 
35.120000 
35.120000 
35.120000 
35.120000 
35.120000 
35.120000 
35.060000 
35.060000 
35.120000 
35.060000 
35.060000 
35.060000 
35.060000 
35.060000 
35.060000 
35.060000 
35.060000 
35.060000 
35.060000 
35.060000 
35.120000 
35.120000 
35.120000 
35.120000 
35.120000 
35.120000 
35.120000 
35.180000 
35.180000 
35.180000 
35.180000 
35.180000 
35.180000 
35.180000 
35.180000 
35.180000 
35.180000 
35.180000 
35.180000 
35.180000 
35.180000 
35.180000 
35.180000 
35.180000 
35.120000 
35.180000 
35.120000 
35.120000 
35.180000 
35.180000 
35.180000 
35.180000 
35.180000 
35.180000 
35.180000 
35.180000 
35.180000 
35.180000 
35.180000 
35.250000 
35.180000 
35.180000 
35.180000 
35.180000 
35.250000 
35.180000 
35.180000 
35.180000 
35.180000 
35.180000 
35.180000 
35.180000 
35.180000 
35.250000 
35.250000 
35.180000 
35.250000 
35.250000 
35.250000 
35.250000 
35.250000 
35.250000 
35.250000 
35.250000 
35.250000 
35.250000 
35.250000 
35.250000 
35.250000 
35.250000 
35.250000 
35.250000 
35.250000 
35.250000 
35.250000 
35.250000 
35.250000 
35.180000 
35.180000 
35.180000 
35.180000 
35.180000 
35.250000 
35.250000 
35.180000 
35.250000 
35.250000 
35.180000 
35.250000 
35.180000 
35.250000 
35.180000 
35.250000 
35.180000 
35.180000 
35.250000 
35.250000 
35.180000 
35.180000 
35.180000 
35.250000 
35.250000 
35.250000 
35.250000 
35.250000 
35.250000 
35.250000 
35.310000 
35.250000 
35.310000 
35.310000 
35.310000 
35.310000 
35.310000 
35.310000 
35.310000 
35.250000 
35.310000 
35.250000 
35.250000 
35.250000 
35.250000 
35.250000 
35.250000 
35.250000 
35.180000 
35.180000 
35.180000 
35.180000 
35.180000 
35.180000 
35.120000 
35.120000 
35.120000 
35.120000 
35.120000 
35.120000 
35.120000 
35.060000 
35.060000 
35.060000 
35.060000 
35.060000 
35.120000 
35.120000 
35.120000 
35.120000 
35.120000 
35.120000 
35.120000 
35.120000 
35.120000 
35.120000 
35.120000 
35.120000 
35.120000 
35.120000 
35.120000 
35.120000 
35.120000 
35.120000 
35.120000 
35.120000 
35.060000 
35.060000 
35.060000 
35.060000 
35.060000 
35.060000 
35.060000 
35.060000 
35.060000 
35.060000 
35.060000 
35.060000 
