28.620000 
28.620000 
28.620000 
28.620000 
28.620000 
28.620000 
28.620000 
28.620000 
28.620000 
28.620000 
28.620000 
28.620000 
28.620000 
28.620000 
28.560000 
28.560000 
28.560000 
28.560000 
28.500000 
28.560000 
28.500000 
28.500000 
28.500000 
28.430000 
28.430000 
28.430000 
28.370000 
28.370000 
28.370000 
28.310000 
28.310000 
28.310000 
28.250000 
28.250000 
28.250000 
28.180000 
28.180000 
28.180000 
28.180000 
28.120000 
28.120000 
28.120000 
28.120000 
28.120000 
28.120000 
28.120000 
28.060000 
28.060000 
28.060000 
28.120000 
28.120000 
28.060000 
28.120000 
28.060000 
28.060000 
28.060000 
28.060000 
28.060000 
28.060000 
28.060000 
28.060000 
28.060000 
28.060000 
28.060000 
28.060000 
28.060000 
28.060000 
28.120000 
28.120000 
28.120000 
28.120000 
28.120000 
28.120000 
28.120000 
28.120000 
28.120000 
28.120000 
28.120000 
28.120000 
28.180000 
28.180000 
28.180000 
28.180000 
28.180000 
28.180000 
28.250000 
28.250000 
28.250000 
28.250000 
28.250000 
28.250000 
28.250000 
28.250000 
28.250000 
28.250000 
28.250000 
28.250000 
28.250000 
28.250000 
28.250000 
28.250000 
28.250000 
28.250000 
28.250000 
28.250000 
28.250000 
28.250000 
28.250000 
28.310000 
28.250000 
28.250000 
28.310000 
28.310000 
28.310000 
28.310000 
28.310000 
28.310000 
28.310000 
28.310000 
28.310000 
28.310000 
28.250000 
28.310000 
28.250000 
28.250000 
28.250000 
28.250000 
28.250000 
28.250000 
28.250000 
28.250000 
28.250000 
28.250000 
28.250000 
28.250000 
28.250000 
28.250000 
28.250000 
28.250000 
28.250000 
28.250000 
28.250000 
28.250000 
28.250000 
28.250000 
28.250000 
28.250000 
28.250000 
28.250000 
28.180000 
28.250000 
28.180000 
28.180000 
28.180000 
28.180000 
28.180000 
28.180000 
28.180000 
28.180000 
28.180000 
28.180000 
28.180000 
28.180000 
28.180000 
28.180000 
28.180000 
28.180000 
28.250000 
28.250000 
28.180000 
28.250000 
28.180000 
28.250000 
28.180000 
28.250000 
28.250000 
28.250000 
28.250000 
28.250000 
28.250000 
28.250000 
28.250000 
28.250000 
28.250000 
28.180000 
28.250000 
28.250000 
28.250000 
28.250000 
28.250000 
28.250000 
28.250000 
28.180000 
28.250000 
28.180000 
28.180000 
28.180000 
28.180000 
28.180000 
28.180000 
28.180000 
28.180000 
28.180000 
28.180000 
28.180000 
28.180000 
28.180000 
28.180000 
28.180000 
28.250000 
28.250000 
28.250000 
28.310000 
28.370000 
28.430000 
28.560000 
28.620000 
28.750000 
28.870000 
29.000000 
29.180000 
29.310000 
29.500000 
29.680000 
29.870000 
30.060000 
30.250000 
30.430000 
30.680000 
30.870000 
31.120000 
31.310000 
31.500000 
31.750000 
32.000000 
32.180000 
32.370000 
32.560000 
32.750000 
32.930000 
33.060000 
33.250000 
33.430000 
33.620000 
33.750000 
33.870000 
34.060000 
34.180000 
34.310000 
34.430000 
34.560000 
34.680000 
34.810000 
34.870000 
35.000000 
35.120000 
35.180000 
35.250000 
35.310000 
35.370000 
35.430000 
35.500000 
35.560000 
35.560000 
35.620000 
35.620000 
35.680000 
35.680000 
35.680000 
35.680000 
35.680000 
35.680000 
35.620000 
35.680000 
35.620000 
35.620000 
35.560000 
35.560000 
35.560000 
35.500000 
35.500000 
35.430000 
35.430000 
35.370000 
35.370000 
35.310000 
35.310000 
35.250000 
35.180000 
35.120000 
35.120000 
35.060000 
35.060000 
35.000000 
34.930000 
34.870000 
34.870000 
34.810000 
34.810000 
34.750000 
34.750000 
34.680000 
34.680000 
34.680000 
34.620000 
34.620000 
34.620000 
34.620000 
34.560000 
34.560000 
34.560000 
34.560000 
34.560000 
34.560000 
34.560000 
34.500000 
34.500000 
34.500000 
34.560000 
34.500000 
34.560000 
34.560000 
34.560000 
34.500000 
34.500000 
34.500000 
34.500000 
34.560000 
34.560000 
34.560000 
34.560000 
34.560000 
34.620000 
34.680000 
34.680000 
34.750000 
34.750000 
34.750000 
34.810000 
34.810000 
34.810000 
34.870000 
34.870000 
34.930000 
34.930000 
35.000000 
35.000000 
35.000000 
35.000000 
35.060000 
35.060000 
35.060000 
35.060000 
35.060000 
35.060000 
35.060000 
35.060000 
35.060000 
35.060000 
35.060000 
35.060000 
35.060000 
35.060000 
35.060000 
35.060000 
35.000000 
35.000000 
35.060000 
35.060000 
35.000000 
35.060000 
35.060000 
35.060000 
35.060000 
35.060000 
35.060000 
35.060000 
35.060000 
35.060000 
35.060000 
35.060000 
35.060000 
35.060000 
35.060000 
35.060000 
35.060000 
35.060000 
35.060000 
35.060000 
35.060000 
35.060000 
35.060000 
35.060000 
35.060000 
35.060000 
35.060000 
35.060000 
35.060000 
35.060000 
35.060000 
35.060000 
35.060000 
35.060000 
35.060000 
35.060000 
35.060000 
35.060000 
35.060000 
35.060000 
35.060000 
35.060000 
35.060000 
35.060000 
35.060000 
35.060000 
35.060000 
35.060000 
35.060000 
35.000000 
35.060000 
35.060000 
35.000000 
35.000000 
35.060000 
35.060000 
35.060000 
35.060000 
35.060000 
35.060000 
35.060000 
35.060000 
35.000000 
35.000000 
35.000000 
35.000000 
35.000000 
35.000000 
35.000000 
35.000000 
35.000000 
35.000000 
35.000000 
35.000000 
34.930000 
34.930000 
35.000000 
35.000000 
35.000000 
35.000000 
35.000000 
34.930000 
35.000000 
35.000000 
35.000000 
35.000000 
35.000000 
35.000000 
35.000000 
35.000000 
35.000000 
35.000000 
35.000000 
35.000000 
34.930000 
34.930000 
35.000000 
34.930000 
35.000000 
35.000000 
35.000000 
35.000000 
35.000000 
35.000000 
34.930000 
34.930000 
35.000000 
35.000000 
35.000000 
35.000000 
35.000000 
35.000000 
35.060000 
35.060000 
35.060000 
35.060000 
35.060000 
35.120000 
35.120000 
35.120000 
35.120000 
35.120000 
35.120000 
35.120000 
35.180000 
35.180000 
35.180000 
35.180000 
35.180000 
35.180000 
35.180000 
35.180000 
35.180000 
35.180000 
35.180000 
35.180000 
35.180000 
35.180000 
35.180000 
35.180000 
35.180000 
35.180000 
35.250000 
35.180000 
35.250000 
35.250000 
35.250000 
35.180000 
35.180000 
35.180000 
35.180000 
35.180000 
35.180000 
35.120000 
35.120000 
35.120000 
35.120000 
35.120000 
35.120000 
35.120000 
35.120000 
35.120000 
35.120000 
35.060000 
35.060000 
35.060000 
35.000000 
35.060000 
35.060000 
35.060000 
35.060000 
35.060000 
35.000000 
35.000000 
35.060000 
35.000000 
35.000000 
35.000000 
35.000000 
35.000000 
35.000000 
35.000000 
35.000000 
35.000000 
35.000000 
35.000000 
34.930000 
34.930000 
34.930000 
34.930000 
34.930000 
34.930000 
34.930000 
34.930000 
35.000000 
35.000000 
35.000000 
35.000000 
35.060000 
35.060000 
35.060000 
35.060000 
35.120000 
35.120000 
35.120000 
35.120000 
35.120000 
35.120000 
35.180000 
35.120000 
35.120000 
35.180000 
35.180000 
35.180000 
35.180000 
35.180000 
35.180000 
35.180000 
35.180000 
35.180000 
35.180000 
35.180000 
35.180000 
35.180000 
35.180000 
35.180000 
35.180000 
35.180000 
35.180000 
35.180000 
35.180000 
