24.902421 
24.820495 
24.752148 
24.695564 
24.746733 
24.791032 
24.829318 
24.862343 
24.890771 
24.915181 
24.936084 
24.953929 
24.969108 
24.981644 
24.991468 
24.998535 
25.002863 
25.004856 
25.005027 
25.003868 
25.001810 
24.999207 
24.996338 
24.993419 
24.990609 
24.988021 
24.985733 
24.983787 
24.982201 
24.980970 
24.980069 
24.979464 
24.881534 
24.897044 
24.910643 
24.922548 
24.932947 
24.942005 
24.949871 
24.956676 
24.962538 
25.051204 
25.125714 
25.187933 
25.239497 
25.281517 
25.315201 
25.341711 
25.278464 
25.223453 
25.175718 
25.134409 
25.001193 
24.888631 
24.794329 
24.716259 
24.652625 
24.699381 
24.741807 
24.683035 
24.734443 
24.683318 
24.740762 
24.791708 
24.836640 
24.875699 
24.992603 
25.090420 
25.171133 
25.236584 
25.205170 
25.259552 
25.302357 
25.335332 
25.359776 
25.293442 
25.318330 
25.253122 
25.196083 
25.146732 
25.104678 
25.069520 
25.040817 
25.017807 
24.999933 
25.070356 
25.131563 
25.184887 
25.147528 
25.117437 
25.093395 
25.074263 
25.059047 
25.130550 
25.191028 
25.241709 
25.283711 
25.318061 
25.345971 
25.284973 
25.233164 
25.189376 
25.152472 
25.121425 
24.997759 
24.893942 
24.807529 
24.736473 
24.678988 
24.633478 
24.696077 
24.654666 
24.623086 
24.599688 
24.583013 
24.571812 
24.565027 
24.561453 
24.559990 
24.559726 
24.559953 
24.657731 
24.739471 
24.807346 
24.863100 
24.908226 
24.944043 
24.971734 
24.992372 
25.006923 
25.016258 
25.104796 
25.092532 
25.162545 
25.134776 
25.108693 
25.084614 
25.062750 
25.043212 
25.026021 
25.011123 
25.082050 
25.141600 
25.191373 
25.233014 
25.267728 
25.296732 
25.320837 
25.340639 
25.272974 
25.298946 
25.236444 
25.183074 
25.137556 
25.099062 
25.150598 
25.110916 
25.078332 
25.052129 
25.031632 
25.016210 
25.005274 
24.998001 
24.993843 
24.992109 
24.992137 
24.993350 
24.995282 
24.900266 
24.918880 
24.837995 
24.868470 
24.797490 
24.836216 
24.869686 
24.898490 
24.923169 
24.944221 
24.962101 
24.977217 
24.989936 
25.000263 
25.008440 
25.014460 
25.018595 
25.020872 
25.021588 
25.021112 
25.103431 
25.088154 
25.157998 
25.132238 
25.193296 
25.243830 
25.285341 
25.319129 
25.346310 
25.367844 
25.300917 
25.243294 
34.700787 
42.640631 
49.263966 
54.747138 
59.244286 
62.890457 
65.803779 
68.171103 
69.901818 
71.173312 
71.956219 
72.422859 
72.622446 
72.545557 
72.278855 
71.896351 
71.443053 
70.979711 
70.454447 
69.971788 
69.475889 
69.068663 
68.650798 
68.246591 
67.845880 
67.549346 
67.160717 
66.875585 
66.578651 
66.199759 
65.819077 
65.448135 
65.068738 
64.595826 
64.139536 
63.681340 
63.233613 
62.778951 
62.330966 
61.873125 
61.419700 
60.871308 
60.339439 
59.890141 
59.355752 
58.901769 
58.444196 
57.967809 
57.571319 
57.156521 
56.710296 
56.333261 
55.914885 
55.557232 
55.248311 
54.880144 
54.557260 
54.269962 
54.010126 
53.756938 
53.520676 
53.296277 
53.079515 
52.852795 
52.629417 
52.406633 
52.182331 
51.941058 
51.697682 
51.450947 
51.199989 
51.027940 
50.823523 
50.688222 
50.526289 
50.424374 
50.371728 
50.275441 
50.224580 
50.126865 
50.071852 
49.953717 
49.878557 
49.754494 
49.588111 
49.468829 
49.388512 
49.256510 
49.164047 
49.104574 
49.072399 
48.965165 
48.891882 
48.846944 
48.825336 
48.822776 
48.835460 
48.859897 
48.893171 
48.932949 
48.977146 
49.024068 
49.072443 
49.121374 
49.169923 
49.217349 
49.263152 
49.307045 
49.348936 
49.388870 
49.426980 
49.463468 
49.498572 
49.532538 
49.565616 
49.598034 
49.546359 
49.591455 
49.634641 
49.676256 
49.716591 
49.755874 
49.794294 
49.832005 
49.869134 
49.822130 
49.871757 
49.835603 
49.810994 
49.796105 
49.789534 
49.790152 
49.713354 
49.655371 
49.613690 
49.586124 
49.570754 
49.565890 
49.569772 
49.581079 
49.598456 
49.620679 
49.646711 
49.675706 
49.706954 
49.739605 
49.772896 
49.722565 
49.685214 
49.658774 
49.543922 
49.368810 
49.310860 
49.184779 
49.085427 
49.009143 
48.952752 
48.913501 
48.888994 
48.877143 
48.875864 
48.799614 
48.827445 
48.858803 
48.892101 
48.926226 
48.876501 
48.839133 
48.895371 
48.946221 
48.991912 
49.032744 
49.069109 
49.101445 
49.046279 
49.001077 
48.964554 
48.935651 
48.913482 
48.896986 
48.885181 
48.877463 
48.873413 
48.872699 
48.875029 
48.963755 
49.041559 
49.109670 
49.169064 
49.220609 
49.265087 
49.303220 
49.252050 
49.209273 
49.173710 
49.144346 
49.120320 
49.017264 
48.931880 
48.862175 
48.806405 
48.665428 
48.551069 
48.459953 
48.389088 
48.335528 
48.296578 
48.269857 
48.253299 
48.245144 
48.243611 
48.247137 
48.170747 
48.110420 
48.063209 
48.026540 
47.914631 
47.822778 
47.747809 
47.687076 
47.638363 
47.599815 
47.486252 
47.393434 
47.318493 
47.258685 
47.211553 
47.258611 
47.301009 
47.338758 
47.371841 
47.400322 
47.424334 
47.444101 
47.459879 
47.471691 
47.479562 
47.483565 
47.483867 
47.480706 
47.474672 
47.466404 
47.456522 
47.445566 
47.433983 
47.422130 
47.493930 
47.552541 
47.599882 
47.721242 
47.820966 
47.902019 
47.967000 
48.018130 
48.057350 
48.086342 
48.106548 
48.119237 
48.125496 
48.126560 
48.039928 
48.047289 
48.050891 
48.051914 
48.051323 
48.049857 
48.048071 
48.143926 
48.224435 
48.194241 
48.266030 
48.228515 
48.294101 
48.348574 
48.295738 
48.347705 
48.292745 
48.342944 
48.286527 
48.335534 
48.376060 
48.409722 
48.437611 
48.460891 
48.382737 
48.317255 
48.263215 
48.135551 
48.113910 
48.098268 
48.004402 
48.012230 
48.022493 
48.035094 
48.049950 
48.164538 
48.167913 
48.272505 
48.266710 
48.265140 
48.266677 
48.186955 
48.122524 
48.070984 
47.946846 
47.845663 
47.848044 
47.770684 
47.794106 
47.735489 
47.691993 
47.661700 
47.559137 
47.479748 
47.420020 
47.376811 
47.347396 
47.412800 
47.473665 
47.530130 
47.582199 
47.630205 
47.674283 
47.714572 
47.667592 
47.630332 
47.600937 
47.577857 
47.559832 
47.545848 
47.535382 
47.528115 
47.523834 
47.522330 
47.523420 
47.526908 
47.532592 
47.539997 
47.548592 
47.460347 
47.485686 
47.507769 
47.428224 
47.457418 
47.479877 
47.495895 
47.505892 
47.510366 
47.509858 
47.588589 
47.650089 
47.696724 
47.730287 
47.752617 
47.765453 
47.770043 
47.767718 
47.759725 
47.747164 
47.814616 
47.865811 
47.903171 
47.929046 
47.945532 
47.954420 
47.957197 
47.955072 
47.949032 
48.023497 
47.998397 
47.973068 
47.947689 
47.922656 
47.898367 
47.875145 
47.853208 
47.832679 
47.729961 
47.642092 
47.567235 
47.503745 
47.450430 
47.406036 
47.369357 
47.339279 
47.314820 
47.211470 
47.209164 
47.208421 
47.208895 
47.210023 
47.211256 
47.212132 
47.212313 
47.211567 
47.209757 
47.206833 
47.202805 
47.197722 
47.191389 
