24.892116 
24.793091 
24.810735 
24.828181 
24.845323 
24.862068 
24.970804 
25.071393 
25.163834 
25.248184 
25.417021 
25.477964 
25.531336 
25.577020 
25.614811 
25.644923 
25.667780 
25.683896 
25.693827 
25.698479 
25.698856 
25.695944 
25.690657 
25.684146 
25.584754 
25.493144 
25.409699 
25.334637 
25.160149 
25.002926 
24.970624 
24.838241 
24.722088 
24.621609 
24.443688 
24.287670 
24.152722 
24.037586 
23.940836 
23.861003 
23.704167 
23.568605 
23.452415 
23.354130 
23.272114 
23.204733 
23.150440 
23.014996 
22.989198 
22.878849 
22.875017 
22.783837 
22.704246 
22.634902 
22.574474 
22.521742 
22.475630 
22.435214 
22.399710 
22.368470 
22.340619 
22.315617 
22.292775 
22.271757 
22.252067 
22.233206 
22.214728 
22.196265 
22.177530 
22.158310 
22.138455 
22.117875 
22.096525 
22.074400 
22.051524 
22.027943 
22.003723 
21.978939 
21.953673 
21.928010 
21.994504 
22.053169 
22.104138 
22.147583 
22.183710 
22.212753 
22.234971 
22.250643 
22.260066 
22.356020 
22.438763 
22.508683 
22.566224 
22.612213 
22.647618 
22.673437 
22.690636 
22.700126 
22.702755 
22.699296 
33.201414 
42.835747 
51.610214 
59.538129 
66.730052 
73.108222 
78.698684 
83.438233 
87.551417 
90.879928 
93.559925 
95.536409 
96.947932 
97.779592 
98.113161 
98.061696 
97.714862 
96.953065 
95.971387 
94.822420 
93.580452 
92.278391 
90.864178 
89.392966 
87.879949 
86.350059 
84.821926 
83.216197 
81.656956 
80.132495 
78.551843 
77.014008 
75.516086 
73.961535 
72.461099 
70.900225 
69.373255 
67.874276 
66.397428 
64.952483 
63.517161 
62.086280 
60.655211 
59.234994 
57.897555 
56.539539 
55.265885 
53.957452 
52.720030 
51.527765 
50.387496 
49.274586 
48.197191 
47.131978 
46.180751 
45.221214 
44.356295 
43.573031 
42.859100 
42.187702 
41.564739 
41.072773 
40.602732 
40.239047 
39.874474 
39.595201 
39.388120 
39.133354 
38.936493 
38.787373 
38.676878 
38.596925 
38.540326 
38.608590 
38.679704 
38.841704 
38.991072 
39.217493 
39.418907 
39.594158 
39.834904 
40.040775 
40.212029 
40.457292 
40.753474 
41.002101 
41.297986 
41.636270 
41.920222 
42.261332 
42.639349 
42.958362 
43.222531 
43.528730 
43.781247 
44.076761 
44.427511 
44.721430 
45.055649 
45.427352 
45.833928 
46.180177 
46.579029 
46.918969 
47.297539 
47.711904 
48.066790 
48.366805 
48.709096 
48.905984 
49.062244 
49.182564 
49.364140 
49.511656 
49.629590 
49.629896 
49.709184 
49.678778 
49.642578 
49.603976 
49.565826 
49.530744 
49.500584 
49.476603 
49.459598 
49.450289 
49.449197 
49.364120 
49.294808 
49.240897 
49.201565 
49.083293 
48.984978 
48.905359 
48.843128 
48.796995 
48.765695 
48.640117 
48.535827 
48.451666 
48.386139 
48.245186 
48.127336 
48.031090 
47.862176 
47.718832 
47.599251 
47.409218 
47.247151 
47.111461 
46.892311 
46.704436 
46.545810 
46.414457 
46.308153 
46.224668 
46.069398 
45.940080 
45.834380 
45.750071 
45.684760 
45.636114 
45.601991 
45.580056 
45.568087 
45.564087 
45.566341 
45.573382 
45.583998 
45.596880 
45.610834 
45.624825 
45.638052 
45.649905 
45.659960 
45.667956 
45.673769 
45.677382 
45.678877 
45.678380 
45.676091 
45.672214 
45.666981 
45.660631 
45.653405 
45.645516 
45.637175 
45.628552 
45.619794 
45.611035 
45.602375 
45.686360 
45.762984 
45.832340 
45.894560 
45.949790 
45.998211 
45.947558 
45.990601 
45.934993 
45.973479 
45.913707 
45.855954 
45.800385 
45.747491 
45.697830 
45.559448 
45.432859 
45.318343 
45.216038 
45.125592 
45.046779 
44.979010 
44.921878 
44.782210 
44.751711 
44.636912 
44.536963 
44.450919 
44.377514 
44.315385 
44.263197 
44.219709 
44.183783 
44.154393 
44.130635 
44.204201 
44.274001 
44.339411 
44.399716 
44.454254 
44.502515 
44.544125 
44.578876 
44.606684 
44.627581 
44.641720 
44.649318 
44.743152 
44.823849 
44.892322 
44.949547 
44.996513 
45.034176 
45.063432 
45.085113 
45.099990 
45.108767 
45.112067 
45.110461 
45.104445 
45.094790 
45.082351 
45.067901 
45.052138 
45.035659 
45.018935 
45.002358 
44.986212 
44.970722 
44.863550 
44.764852 
44.674602 
44.592682 
44.426419 
44.275624 
44.139940 
43.911033 
43.612642 
43.344196 
43.012411 
42.623930 
42.277698 
41.864159 
41.498120 
41.084984 
40.630088 
40.230775 
39.791585 
39.409501 
38.973082 
38.502572 
38.001362 
37.472489 
37.011054 
36.504133 
35.970720 
35.505625 
35.010956 
34.581146 
34.118224 
33.716705 
33.263385 
32.869612 
32.437380 
32.061111 
31.642584 
31.276425 
30.957175 
30.586919 
30.152757 
29.766446 
29.423313 
29.026320 
28.671298 
28.353993 
28.070424 
27.816676 
27.589135 
27.384256 
27.198777 
27.030020 
26.875467 
26.825069 
26.776493 
26.727937 
26.677710 
26.624415 
26.567001 
26.504784 
26.437356 
26.364570 
26.394332 
26.410102 
26.412241 
26.401238 
26.377990 
26.343557 
26.299015 
26.337865 
26.360961 
26.461668 
26.540773 
26.599120 
26.730048 
26.834734 
26.914599 
27.078991 
27.212590 
27.409330 
27.570590 
27.788831 
28.057091 
28.276377 
28.556344 
28.782374 
29.049344 
29.260110 
29.510355 
29.703332 
29.842869 
30.025419 
30.155245 
30.236747 
30.382453 
30.372641 
30.436772 
30.462996 
30.456017 
30.420502 
30.360785 
30.281080 
30.277683 
30.253877 
30.212906 
30.157683 
30.183179 
30.099341 
30.008124 
29.911323 
29.810489 
29.706900 
29.601550 
29.495184 
29.388343 
29.281729 
29.176019 
29.071779 
28.969442 
28.869650 
28.680230 
28.501341 
28.332900 
28.174699 
28.026443 
27.887765 
27.758251 
27.637448 
27.524886 
27.420075 
27.322516 
27.231711 
27.147170 
27.068080 
26.993542 
26.922676 
26.854684 
26.881328 
26.901931 
26.916038 
26.923337 
26.831175 
26.832011 
26.825749 
26.812458 
26.792295 
26.765483 
26.732301 
26.785558 
26.825560 
26.853098 
26.869130 
26.874656 
26.870658 
26.857719 
26.836599 
26.808092 
26.772976 
26.731972 
26.685748 
26.634910 
26.580329 
26.522923 
26.463554 
26.495438 
26.519130 
26.442728 
26.459272 
26.469072 
26.472474 
26.469776 
26.569121 
26.654012 
26.724747 
26.781663 
26.825141 
26.855601 
26.966302 
27.058121 
27.224215 
27.272988 
27.398084 
27.500568 
27.581614 
27.642818 
27.778367 
27.889890 
27.979075 
28.155438 
28.303784 
28.426009 
28.524084 
28.692755 
28.741419 
28.772254 
28.787298 
28.788450 
28.869893 
28.933440 
28.980958 
29.014188 
29.035106 
29.138105 
29.224866 
29.296983 
29.356206 
29.403882 
29.441089 
29.468728 
29.487556 
29.498555 
29.502723 
29.500993 
29.494188 
29.390544 
29.291064 
29.196635 
29.015536 
28.848437 
28.695709 
28.557520 
28.325965 
28.025137 
27.754706 
27.514030 
27.302279 
27.118448 
26.961041 
26.828356 
26.626122 
26.452254 
26.396944 
26.357857 
26.332862 
26.319589 
26.315382 
26.317667 
26.324122 
26.332733 
26.341813 
26.349990 
26.356195 
26.451764 
26.443166 
26.430095 
26.504977 
26.567922 
26.727197 
26.758699 
26.887756 
26.998370 
27.091399 
27.260235 
27.405772 
27.621528 
27.808871 
28.061565 
28.280790 
28.468185 
28.733437 
29.054525 
29.333425 
29.572529 
29.866812 
30.118715 
30.423554 
30.684184 
31.011746 
31.385262 
31.800734 
32.161746 
32.564373 
32.912416 
33.210114 
33.569574 
33.878091 
34.232324 
34.536273 
34.886651 
35.187486 
35.443090 
35.657976 
35.929316 
36.161532 
36.467007 
36.733213 
37.056504 
37.340722 
37.589586 
37.806837 
38.088452 
38.337868 
38.558387 
38.752996 
38.924344 
39.075109 
39.207761 
39.232440 
39.344138 
39.352777 
39.360698 
39.369818 
39.381688 
39.397849 
39.419626 
39.448059 
39.483893 
39.527580 
39.579326 
39.639121 
39.706437 
39.688363 
39.776652 
39.777784 
39.790823 
39.814736 
39.848507 
39.891161 
39.833894 
39.792580 
39.766352 
39.754366 
39.755803 
39.769874 
39.795480 
39.831783 
39.877747 
39.932299 
39.994415 
40.063145 
40.045159 
40.039354 
40.044461 
40.059251 
39.990111 
39.936079 
39.988655 
39.954398 
39.932590 
39.922494 
39.923424 
39.934744 
39.955856 
39.985851 
40.023739 
40.068568 
40.119451 
40.175240 
40.142313 
40.120018 
39.999580 
39.896842 
39.810888 
39.740816 
39.593291 
39.467547 
39.362733 
39.185525 
39.035114 
38.818090 
38.633515 
38.479942 
38.247847 
38.051865 
37.889680 
37.758932 
37.564841 
37.404907 
37.276490 
37.177018 
37.103695 
37.053773 
36.931844 
36.835157 
36.761061 
36.706749 
36.669532 
36.646973 
36.636919 
36.637157 
36.645664 
36.660683 
36.680733 
36.612131 
36.553988 
36.505166 
36.464565 
36.431200 
36.404237 
36.382981 
36.366868 
36.447915 
36.433224 
36.515102 
36.593284 
36.667671 
36.737896 
36.803550 
36.956747 
37.097154 
37.224660 
37.339298 
37.441229 
37.530712 
37.700918 
37.852336 
37.985879 
38.102626 
38.203723 
38.398211 
38.462597 
38.623020 
38.764282 
38.887941 
38.995502 
39.088369 
39.167852 
39.327976 
39.470217 
39.596082 
39.706970 
39.804171 
39.889248 
39.963369 
40.027876 
40.176547 
40.310520 
40.338443 
40.361411 
40.380290 
40.396160 
40.410087 
40.423018 
40.435760 
40.448975 
40.463167 
40.478732 
40.495935 
40.515287 
40.537319 
