25.092472 
25.177351 
25.254699 
25.417096 
25.564630 
25.697550 
25.908662 
26.005831 
26.089649 
26.253156 
26.396895 
26.429099 
26.543079 
26.547414 
26.543452 
26.532450 
26.515939 
26.495458 
26.472437 
26.448487 
26.424803 
26.309820 
26.297096 
26.194977 
26.103926 
26.024325 
25.956097 
25.898892 
25.852190 
25.722894 
25.610375 
25.513837 
25.432422 
25.365234 
25.203128 
25.061817 
24.939980 
24.836204 
24.656611 
24.499909 
24.364753 
24.249832 
24.153536 
23.981725 
23.832844 
23.705315 
23.597630 
23.507964 
23.434455 
23.375324 
23.236458 
23.116093 
23.012395 
22.923631 
22.848224 
22.784754 
22.731625 
22.687280 
22.650309 
22.619472 
22.593714 
22.572149 
22.646520 
22.623358 
22.601875 
22.581309 
22.561030 
22.540546 
22.519493 
22.497622 
22.474779 
22.450893 
22.425958 
22.492490 
22.550509 
22.600530 
22.642897 
22.677900 
22.798291 
22.904295 
22.996277 
23.074665 
23.139937 
23.285087 
23.318140 
23.339811 
23.443567 
23.530458 
23.601659 
23.658340 
23.701642 
23.732994 
23.753879 
23.765715 
23.769807 
23.767328 
23.759653 
23.747787 
23.732497 
23.714723 
34.206339 
43.834154 
52.605852 
60.534325 
67.637173 
73.936200 
79.456910 
84.228020 
88.280988 
91.649564 
94.276888 
96.300094 
97.664794 
98.455823 
98.754632 
98.673968 
98.210728 
97.529703 
96.625065 
95.456244 
94.197354 
92.880891 
91.454694 
90.066076 
88.537663 
86.994256 
85.454204 
83.837870 
82.269080 
80.735572 
79.238907 
77.685869 
76.081258 
74.628940 
73.114849 
71.633602 
70.179763 
68.747541 
67.238669 
65.855528 
64.383336 
63.009528 
61.644880 
60.268784 
58.877630 
57.575850 
56.244144 
54.972840 
53.768132 
52.512267 
51.312723 
50.145006 
49.017540 
47.999405 
46.999987 
46.105217 
45.286055 
44.546060 
43.873007 
43.255304 
42.666798 
42.114392 
41.681379 
41.259315 
40.933168 
40.596243 
40.335572 
40.139013 
39.887692 
39.796353 
39.739384 
39.708981 
39.698283 
39.701193 
39.712349 
39.819839 
39.919884 
40.009656 
40.179314 
40.327151 
40.544716 
40.731274 
40.994901 
41.219637 
41.499260 
41.735385 
41.930000 
42.177789 
42.473869 
42.721131 
43.030548 
43.381309 
43.676942 
44.013892 
44.296108 
44.527930 
44.806170 
45.035230 
45.327382 
45.570021 
45.767388 
46.016362 
46.313601 
46.563451 
46.770506 
47.031661 
47.251275 
47.433528 
47.582261 
47.809140 
48.000922 
48.161222 
48.293455 
48.493188 
48.570986 
48.722640 
48.851115 
48.959145 
49.049492 
49.124699 
49.187013 
49.238360 
49.280757 
49.316073 
49.345942 
49.371706 
49.394791 
49.416158 
49.344319 
49.280204 
49.224441 
49.177445 
49.139417 
49.002498 
48.883288 
48.781464 
48.696543 
48.627910 
48.574843 
48.536567 
48.419763 
48.323259 
48.245652 
48.185500 
48.048889 
48.026969 
47.925439 
47.842556 
47.776550 
47.633296 
47.511316 
47.409159 
47.325458 
47.258586 
47.099022 
46.961961 
46.845908 
46.749117 
46.670159 
46.607456 
46.466990 
46.347363 
46.246835 
46.163631 
46.096061 
46.042567 
46.001748 
45.971928 
45.951437 
45.938748 
45.840041 
45.754190 
45.680146 
45.616621 
45.562338 
45.423644 
45.392031 
45.366468 
45.346149 
45.330376 
45.318591 
45.310306 
45.305123 
45.302377 
45.301361 
45.301402 
45.394404 
45.387348 
45.472104 
45.548264 
45.523252 
45.497184 
45.562642 
45.619709 
45.668625 
45.709686 
45.743243 
45.769689 
45.789450 
45.803306 
45.811795 
45.815705 
45.908338 
45.990080 
45.968805 
46.037690 
46.097349 
46.148500 
46.191824 
46.227971 
46.257525 
46.188573 
46.214148 
46.234577 
46.250232 
46.169322 
46.185142 
46.197960 
46.208278 
46.216638 
46.223536 
46.229400 
46.142122 
46.062054 
45.989007 
45.922928 
45.863785 
45.811495 
45.765594 
45.725798 
45.691870 
45.663601 
45.640744 
45.530581 
45.432890 
45.346969 
45.271969 
45.206976 
45.151106 
45.103508 
45.063397 
45.030010 
45.002652 
44.980703 
44.871105 
44.865859 
44.771553 
44.779806 
44.789637 
44.800252 
44.718477 
43.858132 
42.967275 
42.050126 
41.018757 
39.977971 
38.932526 
37.886836 
36.845450 
35.905029 
34.969773 
33.951452 
32.954210 
31.981476 
31.047957 
30.056207 
29.130266 
28.274559 
27.491277 
26.688465 
25.965311 
25.227243 
24.571621 
23.902537 
23.315590 
22.805670 
22.259335 
21.787518 
21.291426 
20.864768 
20.501187 
20.194686 
19.939280 
19.821634 
19.736046 
19.677288 
19.640373 
19.620773 
19.614512 
19.725754 
19.834434 
20.029999 
20.209870 
20.464601 
20.692740 
20.986050 
21.244601 
21.577003 
21.867710 
22.118300 
22.423078 
22.684001 
22.996126 
23.262300 
23.485847 
23.762697 
23.996586 
24.299156 
24.557668 
24.868560 
25.135859 
25.456283 
25.826289 
26.057639 
26.347073 
26.598804 
26.924846 
27.212279 
27.557488 
27.864069 
28.135850 
28.376535 
28.682242 
28.956313 
29.202239 
29.423560 
29.623201 
29.896478 
30.145758 
30.373659 
30.582585 
30.774938 
30.953059 
31.118863 
31.181495 
31.242794 
31.304205 
31.366933 
31.431874 
31.499708 
31.571194 
31.645477 
31.721788 
31.799497 
31.785453 
31.779179 
31.780125 
31.787367 
31.707522 
31.639779 
31.583238 
31.537176 
31.393018 
31.266894 
31.065825 
30.889319 
30.736745 
30.607169 
30.499376 
30.319668 
30.166922 
30.039544 
29.935752 
29.761367 
29.614768 
29.493828 
29.396381 
29.212068 
29.055168 
28.923318 
28.814296 
28.726040 
28.656322 
28.510517 
28.386729 
28.283147 
28.197767 
28.128642 
28.074017 
28.032290 
28.001676 
27.980460 
27.874554 
27.782752 
27.703788 
27.729157 
27.665027 
27.610294 
27.563864 
27.524773 
27.492240 
27.465600 
27.444254 
27.427737 
27.415652 
27.407370 
27.402104 
27.399198 
27.398406 
27.399334 
27.401517 
27.404576 
27.408229 
27.412191 
27.508703 
27.505040 
27.501285 
27.497363 
27.493280 
27.489016 
27.484645 
27.480193 
27.475740 
27.471313 
27.559420 
27.547597 
27.628492 
27.702421 
27.769679 
27.830374 
27.884692 
28.025236 
28.059622 
28.180649 
28.288479 
28.383453 
28.373454 
28.451820 
28.519017 
28.575853 
28.623231 
28.662044 
28.693143 
28.717332 
28.735735 
28.749127 
28.758453 
28.764738 
28.768780 
28.771048 
28.772029 
28.772244 
28.772137 
28.772056 
28.772222 
28.772874 
28.774117 
28.776048 
28.778615 
28.781830 
28.785607 
28.789894 
28.794576 
28.907463 
28.903846 
28.900416 
28.897146 
28.893966 
28.890913 
28.887924 
28.792521 
28.704766 
28.624640 
28.551990 
28.486669 
28.428540 
28.377780 
28.334254 
28.297680 
28.267755 
28.244080 
28.133804 
28.036551 
27.951520 
27.877723 
27.814188 
27.759910 
27.713985 
27.675566 
27.551353 
27.440745 
27.342998 
27.257432 
27.275848 
27.297152 
27.320395 
27.344632 
27.369040 
27.392877 
27.415624 
27.436833 
27.363692 
27.388189 
27.409536 
27.427196 
27.440718 
27.450117 
27.455681 
27.550230 
27.541628 
27.530454 
28.102592 
28.692779 
29.298313 
29.916039 
30.635342 
31.260696 
31.889218 
32.518037 
33.144283 
33.765217 
34.471022 
35.159194 
35.919958 
36.643459 
37.322998 
38.061835 
38.740372 
39.357478 
39.912964 
40.407637 
40.935498 
41.398758 
41.800202 
42.143538 
42.432928 
42.673128 
42.869153 
43.118356 
43.325780 
43.496505 
43.727743 
43.923756 
44.088566 
44.226094 
44.340023 
44.433535 
44.509503 
44.570316 
44.618039 
44.654389 
44.588681 
44.522657 
44.457771 
44.395467 
44.244604 
44.106328 
43.981328 
43.870059 
43.680197 
43.511780 
43.364440 
43.237726 
43.023057 
42.835948 
42.674969 
42.538523 
42.332426 
42.154739 
42.003315 
41.783520 
41.500830 
41.252965 
41.037424 
40.743860 
40.486701 
40.263297 
39.978435 
39.729510 
39.421561 
39.151873 
38.917664 
38.622372 
38.455799 
38.222277 
38.018849 
37.734761 
37.483657 
37.262552 
37.068596 
36.898846 
36.750542 
36.620742 
36.414283 
36.321302 
36.239165 
36.165926 
36.099682 
36.038735 
35.981225 
35.925440 
35.869946 
35.813707 
35.755902 
35.696030 
35.741648 
35.775539 
35.797719 
35.900904 
35.985468 
36.052069 
36.101446 
36.226964 
36.237058 
36.232812 
36.307762 
36.362928 
36.399380 
36.418670 
36.514918 
36.497213 
36.560039 
36.605308 
36.634866 
36.650442 
36.653984 
36.754894 
36.837705 
36.903910 
36.954990 
37.084808 
37.194575 
37.285843 
37.359858 
37.510449 
37.638914 
37.746611 
37.834849 
37.904852 
38.050688 
38.173914 
38.276164 
38.359040 
38.424308 
38.581727 
38.608366 
38.622657 
38.626440 
38.621494 
38.609458 
38.591760 
38.569623 
38.652338 
38.616581 
38.580307 
38.544494 
38.617852 
38.684619 
38.745393 
38.800558 
38.850392 
38.895064 
38.934654 
38.969239 
38.891024 
38.925103 
38.846924 
38.773266 
38.811921 
38.738544 
38.670273 
38.607511 
38.550569 
38.499697 
38.455052 
38.416679 
38.292074 
38.273308 
38.259918 
38.251267 
38.154076 
38.160502 
38.077331 
38.003875 
38.031850 
37.967960 
38.004111 
37.947133 
37.989044 
37.936482 
37.889028 
37.938806 
37.985491 
38.028591 
38.067895 
38.103073 
38.133790 
38.160047 
38.181800 
38.199245 
38.212453 
38.329634 
38.434157 
38.526149 
38.606159 
38.674865 
38.733046 
38.781470 
38.820960 
38.852245 
