26.043515 
26.081559 
26.201671 
26.306715 
26.485068 
26.916340 
27.480462 
28.145111 
28.911245 
29.837121 
30.827182 
31.853694 
32.922687 
34.009750 
35.035167 
35.986732 
36.869198 
37.686237 
38.354739 
38.990236 
39.493036 
39.876293 
40.151196 
40.415367 
40.581754 
40.573488 
40.498956 
40.265106 
39.993542 
39.603240 
39.110193 
38.619663 
38.047222 
37.394156 
36.691950 
35.953998 
35.192956 
34.404269 
33.527369 
32.670358 
31.823630 
31.008058 
30.229432 
29.491214 
28.781354 
28.115862 
27.497618 
26.925397 
26.382650 
25.884548 
25.433004 
25.023833 
24.640405 
24.297696 
23.993865 
23.813135 
23.653275 
23.500047 
23.453423 
23.412003 
23.464124 
23.510660 
23.636369 
23.829213 
24.078419 
24.376829 
24.711583 
25.073731 
25.456482 
25.853712 
26.255069 
26.743427 
27.215853 
27.669118 
28.101032 
28.506282 
28.884545 
29.230651 
29.543984 
29.823499 
30.065670 
30.180905 
30.266455 
30.322087 
30.346245 
30.337976 
30.298081 
30.228217 
30.128199 
30.000146 
29.757000 
29.501635 
29.322396 
29.032747 
28.734535 
28.433062 
28.028580 
27.638273 
27.263035 
26.903600 
26.562542 
26.238923 
25.936214 
25.656451 
25.308834 
24.907448 
24.638594 
24.313674 
24.031018 
23.790748 
23.591987 
23.432760 
23.222543 
23.058302 
22.940767 
22.864000 
22.824968 
22.821272 
22.852303 
22.912958 
23.002447 
23.120919 
23.263780 
23.431047 
23.618448 
23.822824 
24.042174 
24.273240 
24.513736 
24.761634 
25.098881 
25.421769 
25.731616 
26.025454 
26.386374 
26.716039 
27.009425 
27.356396 
27.656302 
27.909204 
28.120276 
28.287324 
28.411864 
28.497605 
28.548807 
28.666588 
28.737019 
28.769731 
28.766757 
28.730022 
28.664222 
28.575425 
28.467553 
28.339095 
28.197011 
28.044393 
27.882268 
27.611316 
27.349804 
27.098442 
26.854539 
26.623533 
26.402337 
26.191823 
25.906395 
25.730371 
25.566588 
25.411304 
25.265487 
25.129410 
25.001955 
24.796783 
24.611848 
24.443179 
24.293181 
24.075538 
23.884489 
23.718440 
23.577462 
23.369494 
23.192461 
23.046091 
22.926075 
22.832296 
22.763351 
22.717337 
22.781087 
22.765785 
22.768468 
22.878739 
22.993970 
23.108617 
23.224192 
23.338501 
23.446915 
23.631438 
23.797770 
23.946061 
24.160808 
24.259086 
34.004478 
42.523130 
49.922468 
56.391887 
62.008433 
66.840724 
70.973179 
74.275829 
77.038582 
79.115515 
80.685662 
81.721353 
82.368466 
82.593201 
82.447956 
81.969644 
81.216595 
80.048729 
78.610829 
76.883197 
74.911702 
72.759057 
70.456859 
67.971335 
65.422003 
62.850248 
60.180299 
57.537393 
54.863657 
52.264503 
49.821426 
47.617675 
45.515407 
43.596209 
41.910556 
40.426198 
39.004451 
37.799494 
36.771179 
35.865447 
35.146311 
34.584082 
34.200987 
33.874981 
33.745743 
33.823900 
34.056038 
34.380748 
34.831514 
35.330678 
35.941978 
36.680353 
37.561583 
38.514084 
39.470566 
40.544720 
41.841115 
43.173573 
44.475222 
45.772883 
47.090931 
48.351663 
49.501620 
50.672417 
51.815723 
52.869341 
53.870118 
54.846589 
55.733995 
56.569788 
57.296079 
57.868600 
58.360298 
58.715891 
58.990999 
59.145858 
59.058629 
58.894581 
58.532417 
58.134823 
57.577627 
56.934247 
56.088303 
55.245621 
54.290072 
53.212910 
52.189277 
51.104444 
49.930190 
48.852416 
47.760146 
46.636535 
45.559202 
44.495609 
43.449179 
42.409811 
41.455162 
40.587171 
39.869862 
39.170839 
38.501259 
37.943070 
37.555614 
37.214520 
37.080526 
37.106901 
37.250526 
37.485926 
37.785604 
38.295306 
38.884989 
39.521321 
40.276791 
41.100317 
42.047255 
42.985069 
44.064483 
45.148393 
46.286372 
47.536080 
48.746969 
50.057560 
51.330428 
52.533129 
53.640633 
54.713852 
55.638340 
56.405047 
57.105135 
57.710954 
58.201898 
58.571102 
58.801277 
58.893414 
58.756971 
58.572702 
58.232743 
57.722186 
57.233963 
56.656902 
56.065558 
55.361410 
54.631204 
53.952354 
53.293071 
52.632655 
52.059493 
51.459982 
50.817376 
50.213481 
49.715700 
49.187866 
48.722871 
48.225016 
47.686578 
47.275807 
46.959994 
46.630333 
46.264387 
45.961602 
45.622750 
45.329393 
44.979606 
44.661046 
44.368881 
44.091290 
43.906825 
43.686945 
43.534672 
43.442272 
43.395461 
43.379822 
43.387170 
43.418899 
43.564150 
43.709221 
43.856169 
44.103487 
44.420395 
44.871656 
45.345224 
45.825614 
46.385526 
46.920321 
47.425193 
47.894782 
48.322015 
48.704331 
49.037598 
49.307243 
49.446721 
49.469575 
49.492949 
49.413604 
49.343437 
49.282371 
49.218054 
49.147253 
49.070434 
48.895129 
48.721965 
48.546535 
48.372926 
48.102490 
47.833295 
47.572491 
47.320593 
47.078589 
46.847723 
46.626000 
46.334717 
46.073150 
45.921777 
45.856687 
45.757976 
45.725347 
45.660964 
45.642112 
45.735992 
45.908545 
46.048647 
46.237010 
46.544877 
46.933969 
47.369100 
47.834994 
48.220392 
48.531111 
48.860900 
49.116568 
49.387110 
49.573322 
49.777285 
49.911065 
50.078263 
50.170225 
50.192024 
50.153633 
50.060193 
49.999123 
49.852250 
49.724451 
49.520289 
49.245153 
48.996356 
48.757945 
48.526107 
48.220882 
47.935515 
47.668732 
47.314349 
46.991533 
46.612339 
46.275066 
45.976846 
45.717755 
45.480046 
45.176258 
44.900012 
44.741657 
44.678004 
44.605232 
44.512712 
44.493497 
44.531121 
44.611292 
44.539596 
44.533438 
44.582066 
44.761832 
44.860760 
44.999785 
45.063746 
45.078245 
45.141437 
45.252228 
45.312808 
45.437615 
45.520279 
45.654840 
45.750152 
45.811610 
45.840368 
45.844710 
45.833657 
45.810110 
45.776945 
45.735712 
45.687052 
45.557468 
45.367292 
45.305618 
45.268602 
45.248174 
45.242311 
45.249229 
45.271171 
45.386665 
45.501273 
45.610907 
45.711901 
45.719049 
45.723774 
45.805456 
45.868589 
45.913853 
46.046532 
46.144715 
46.218891 
46.266945 
46.291845 
46.296875 
46.276629 
46.241511 
46.190665 
46.132495 
46.067083 
45.993920 
45.812715 
45.641987 
45.481635 
45.330681 
45.191721 
45.070948 
44.969438 
44.887946 
44.822426 
44.778023 
44.751550 
44.841242 
44.826953 
44.926822 
45.027517 
45.125982 
45.227436 
45.325506 
45.422421 
45.519558 
45.615526 
45.701808 
45.778121 
45.850314 
45.914560 
45.975539 
45.928924 
45.978237 
45.911658 
45.847741 
45.786362 
45.713604 
45.640829 
45.572110 
45.503172 
45.347480 
45.288748 
45.226208 
45.160996 
45.103912 
45.052958 
45.001399 
45.069414 
45.138051 
45.207875 
45.282927 
45.360451 
45.339778 
45.333076 
45.339621 
45.265286 
45.210590 
45.081270 
44.973451 
44.887341 
44.817121 
44.851611 
44.878374 
44.988698 
45.088670 
45.170247 
45.339574 
45.483871 
45.602668 
45.688059 
45.754861 
45.796057 
45.808489 
45.798589 
45.764132 
45.712097 
45.650321 
45.477472 
45.303834 
45.132367 
44.962506 
44.788749 
44.533638 
44.297333 
44.078506 
43.877213 
43.691666 
36.273343 
29.696643 
24.056245 
19.118366 
14.827773 
11.219330 
8.205381 
5.728614 
3.829409 
2.347871 
1.326040 
0.620991 
0.279196 
0.256823 
0.533075 
1.050347 
1.773868 
2.749461 
4.033789 
5.471675 
7.129084 
8.945289 
10.895472 
12.935852 
15.056131 
17.206719 
19.391117 
21.563587 
23.726243 
25.779020 
27.743674 
29.547099 
31.224798 
32.784661 
34.091487 
35.286959 
36.379103 
37.345261 
38.109491 
38.708833 
39.199454 
39.524201 
39.634992 
39.666836 
39.493229 
39.188673 
38.721419 
38.244144 
37.619630 
36.987777 
36.221513 
35.468367 
34.623337 
33.823251 
32.862088 
31.919216 
30.883810 
29.819679 
28.776593 
27.738756 
26.687615 
25.685413 
24.686038 
23.762054 
22.784756 
21.898394 
21.077061 
20.203840 
19.512613 
18.790645 
18.175508 
17.704405 
17.321022 
17.148490 
17.042821 
17.031698 
17.145699 
17.419928 
17.777846 
18.251524 
18.776274 
19.466865 
20.307065 
21.216499 
22.201246 
23.278793 
24.283531 
25.323697 
26.403169 
27.559934 
28.604787 
29.644162 
30.627142 
31.562244 
32.476502 
33.267530 
34.039718 
34.730510 
35.260987 
35.666039 
36.047843 
36.260469 
36.332694 
36.298866 
36.116600 
35.820593 
35.439349 
35.001542 
34.525980 
33.974006 
33.372799 
32.744026 
32.033695 
31.279549 
30.514340 
29.763650 
28.984343 
28.201965 
27.384005 
26.564970 
25.684204 
24.795764 
23.938409 
23.223404 
22.568968 
21.907233 
21.353076 
20.915285 
20.606931 
20.263265 
19.996868 
19.815656 
19.730736 
19.739339 
19.844032 
19.979250 
20.161519 
20.405366 
20.735934 
21.073196 
21.430958 
21.917991 
22.367922 
22.791804 
23.299301 
23.729045 
24.196877 
24.616511 
25.096464 
25.482485 
25.800718 
26.177219 
26.412045 
26.730878 
27.028958 
27.251420 
27.508740 
27.714793 
27.879739 
28.101189 
28.292122 
28.461376 
28.704012 
28.926500 
29.130138 
29.359685 
29.513808 
29.612284 
29.667475 
29.685747 
29.676547 
29.650543 
29.612449 
29.565887 
29.517122 
29.470838 
29.416832 
29.288492 
29.106095 
28.886625 
28.637885 
28.368005 
28.092334 
27.818864 
27.551882 
27.295712 
27.144979 
26.912417 
26.704095 
26.683341 
26.646823 
26.683434 
26.701723 
26.784293 
26.748340 
26.704151 
26.765495 
26.715553 
26.778468 
26.832856 
26.890633 
26.950539 
27.011163 
27.160855 
27.301003 
27.432327 
27.553029 
27.663499 
27.763911 
27.851031 
27.929218 
27.990046 
27.978180 
27.908682 
27.796487 
27.652984 
27.488156 
27.249244 
27.049575 
26.809967 
26.552652 
26.284059 
25.951832 
25.671007 
25.276429 
24.885280 
24.657924 
24.501232 
24.318895 
24.289817 
24.319454 
24.402326 
24.529859 
24.696306 
24.901126 
25.137238 
25.313604 
25.526076 
25.853597 
26.044961 
26.293621 
26.423111 
26.625922 
26.809787 
26.968783 
27.119585 
27.253604 
27.373788 
27.480290 
27.572047 
27.751627 
27.799638 
27.937483 
28.051328 
28.139211 
28.221259 
28.288084 
28.344100 
28.313681 
28.213783 
28.156899 
28.046190 
27.899279 
27.727834 
27.535971 
27.338051 
27.207824 
27.058681 
26.896481 
26.728133 
26.629624 
26.426372 
26.386133 
26.395511 
26.438672 
26.603574 
26.695032 
26.895036 
27.093249 
27.293785 
27.587860 
27.863052 
28.119835 
28.361110 
28.577990 
28.860434 
29.024383 
29.166990 
29.293866 
29.461266 
29.663006 
29.815275 
29.924881 
30.004680 
30.054754 
30.080626 
30.078777 
30.141247 
30.175628 
30.181382 
30.168374 
30.230242 
30.270765 
30.203002 
30.137926 
30.072935 
30.009911 
29.862140 
29.726347 
29.606944 
29.401220 
29.223765 
29.073771 
28.852967 
28.664565 
28.496613 
28.265496 
28.063191 
27.892471 
27.748300 
27.632429 
27.539676 
27.552924 
27.568584 
27.594388 
27.618929 
27.647745 
27.682008 
27.722086 
27.851987 
27.977325 
28.101252 
28.221233 
28.250592 
28.373057 
28.493977 
28.523632 
28.553268 
28.500930 
28.557512 
28.529599 
28.515046 
28.512348 
28.515944 
28.443172 
28.387465 
28.349829 
28.225805 
28.121922 
28.042381 
27.979301 
27.930479 
27.892093 
27.863363 
27.844629 
27.828191 
27.821123 
27.812333 
27.804630 
27.791873 
27.768470 
27.739266 
27.697111 
27.646839 
27.591140 
27.530930 
27.468128 
27.400365 
27.336212 
27.271016 
27.206500 
27.144933 
27.084493 
27.030179 
26.980665 
27.040866 
27.101683 
27.158059 
27.304587 
27.437178 
27.560238 
27.765586 
27.955623 
28.046681 
28.228134 
28.401775 
28.567670 
28.729535 
28.884304 
29.027769 
29.162958 
29.291646 
29.409064 
29.517500 
29.619349 
29.717112 
29.802513 
29.788192 
29.778153 
29.767149 
