26.750000 
26.810000 
26.810000 
26.870000 
26.810000 
26.750000 
26.680000 
26.620000 
26.560000 
26.500000 
26.430000 
26.310000 
26.250000 
26.250000 
26.180000 
26.120000 
26.120000 
26.120000 
26.120000 
26.120000 
26.120000 
26.180000 
26.250000 
26.250000 
26.310000 
26.370000 
26.500000 
26.560000 
26.680000 
26.810000 
26.870000 
27.000000 
27.120000 
27.180000 
27.310000 
27.430000 
27.560000 
27.680000 
27.810000 
27.930000 
28.000000 
28.120000 
28.180000 
28.310000 
28.370000 
28.430000 
28.500000 
28.560000 
28.620000 
28.680000 
28.750000 
28.750000 
28.750000 
28.750000 
28.750000 
28.750000 
28.750000 
28.680000 
28.620000 
28.620000 
28.560000 
28.500000 
28.430000 
28.370000 
28.310000 
28.310000 
28.250000 
28.180000 
28.120000 
28.120000 
28.060000 
28.000000 
27.930000 
27.870000 
27.930000 
27.870000 
27.870000 
27.870000 
27.870000 
27.870000 
27.870000 
27.870000 
27.870000 
27.930000 
27.930000 
28.000000 
28.000000 
28.060000 
28.060000 
28.180000 
28.180000 
28.250000 
28.310000 
28.370000 
28.430000 
28.430000 
28.500000 
28.560000 
28.560000 
28.620000 
28.620000 
28.680000 
28.680000 
28.680000 
28.680000 
28.680000 
28.680000 
28.680000 
28.620000 
28.620000 
28.620000 
28.560000 
28.560000 
28.500000 
28.500000 
28.430000 
28.430000 
28.370000 
28.370000 
28.370000 
28.310000 
28.310000 
28.250000 
28.250000 
28.250000 
28.250000 
28.250000 
28.180000 
28.180000 
28.180000 
28.180000 
28.180000 
28.250000 
28.250000 
28.250000 
28.250000 
28.250000 
28.310000 
28.250000 
28.310000 
28.310000 
28.310000 
28.310000 
28.310000 
28.310000 
28.310000 
28.310000 
28.310000 
28.370000 
28.310000 
28.370000 
28.370000 
28.370000 
28.370000 
28.430000 
28.430000 
28.430000 
28.500000 
28.500000 
28.500000 
28.500000 
28.500000 
28.500000 
28.500000 
28.500000 
28.500000 
28.560000 
28.560000 
28.560000 
28.500000 
28.560000 
28.500000 
28.500000 
28.500000 
28.500000 
28.500000 
28.500000 
28.430000 
28.430000 
28.430000 
28.430000 
28.430000 
28.370000 
28.370000 
28.310000 
28.310000 
28.310000 
28.310000 
28.250000 
28.310000 
28.310000 
28.310000 
28.310000 
28.310000 
28.310000 
28.250000 
28.310000 
28.310000 
28.310000 
28.310000 
28.310000 
28.370000 
28.370000 
28.370000 
28.370000 
28.370000 
28.430000 
28.430000 
28.500000 
28.500000 
28.560000 
28.560000 
28.560000 
28.560000 
28.560000 
28.620000 
28.620000 
28.620000 
28.680000 
28.680000 
28.750000 
28.750000 
28.810000 
28.930000 
29.000000 
29.120000 
29.250000 
29.370000 
29.500000 
29.680000 
29.870000 
30.060000 
30.250000 
30.430000 
30.620000 
30.810000 
31.000000 
31.180000 
31.430000 
31.620000 
31.810000 
32.060000 
32.250000 
32.430000 
32.560000 
32.750000 
32.930000 
33.060000 
33.250000 
33.370000 
33.500000 
33.560000 
33.680000 
33.810000 
33.870000 
34.000000 
34.060000 
34.180000 
34.250000 
34.310000 
34.370000 
34.430000 
34.430000 
34.500000 
34.500000 
34.500000 
34.500000 
34.500000 
34.500000 
34.500000 
34.430000 
34.430000 
34.430000 
34.430000 
34.370000 
34.370000 
34.370000 
34.310000 
34.310000 
34.250000 
34.250000 
34.250000 
34.180000 
34.180000 
34.180000 
34.180000 
34.120000 
34.180000 
34.120000 
34.120000 
34.120000 
34.120000 
34.180000 
34.180000 
34.250000 
34.250000 
34.310000 
34.310000 
34.370000 
34.370000 
34.430000 
34.500000 
34.560000 
34.560000 
34.620000 
34.620000 
34.680000 
34.750000 
34.810000 
34.870000 
34.930000 
34.930000 
35.060000 
35.060000 
35.120000 
35.180000 
35.250000 
35.310000 
35.310000 
35.370000 
35.370000 
35.370000 
35.370000 
35.370000 
35.370000 
35.370000 
35.370000 
35.370000 
35.370000 
35.310000 
35.310000 
35.250000 
35.180000 
35.120000 
35.120000 
35.060000 
35.000000 
34.930000 
34.930000 
34.870000 
34.870000 
34.810000 
34.750000 
34.750000 
34.750000 
34.680000 
34.680000 
34.680000 
34.620000 
34.620000 
34.620000 
34.620000 
34.620000 
34.620000 
34.620000 
34.620000 
34.620000 
34.620000 
34.680000 
34.680000 
34.750000 
34.810000 
34.810000 
34.870000 
34.870000 
34.930000 
34.930000 
35.000000 
35.060000 
35.060000 
35.120000 
35.120000 
35.180000 
35.180000 
35.180000 
35.180000 
35.250000 
35.250000 
35.250000 
35.250000 
35.250000 
35.250000 
35.310000 
35.250000 
35.250000 
35.250000 
35.250000 
35.250000 
35.180000 
35.250000 
35.180000 
35.180000 
35.120000 
35.120000 
35.120000 
35.120000 
35.060000 
35.060000 
35.000000 
35.000000 
34.930000 
34.930000 
34.930000 
34.870000 
34.870000 
34.810000 
34.810000 
34.810000 
34.750000 
34.750000 
34.750000 
34.750000 
34.750000 
34.750000 
34.750000 
34.750000 
34.750000 
34.810000 
34.810000 
34.810000 
34.810000 
34.870000 
34.870000 
34.870000 
34.930000 
35.000000 
34.930000 
35.000000 
35.000000 
35.000000 
35.060000 
35.060000 
35.120000 
35.120000 
35.180000 
35.180000 
35.180000 
35.250000 
35.250000 
35.310000 
35.310000 
35.310000 
35.310000 
35.310000 
35.310000 
35.310000 
35.250000 
35.250000 
35.250000 
35.250000 
35.180000 
35.180000 
35.180000 
35.120000 
35.120000 
35.060000 
35.060000 
35.000000 
35.000000 
35.000000 
35.000000 
35.000000 
34.930000 
34.930000 
34.870000 
34.870000 
34.810000 
34.810000 
34.810000 
34.810000 
34.810000 
34.810000 
34.810000 
34.810000 
34.810000 
34.810000 
34.810000 
34.810000 
34.810000 
34.810000 
34.870000 
34.870000 
34.870000 
34.870000 
34.870000 
34.930000 
34.930000 
34.930000 
34.930000 
35.000000 
35.000000 
35.060000 
35.060000 
35.060000 
35.060000 
35.060000 
35.120000 
35.060000 
35.060000 
35.120000 
35.060000 
35.060000 
35.060000 
35.060000 
35.060000 
35.060000 
35.000000 
35.000000 
35.000000 
34.930000 
34.930000 
35.000000 
35.000000 
35.000000 
35.000000 
35.000000 
35.000000 
35.000000 
35.000000 
35.060000 
35.060000 
35.000000 
35.000000 
34.930000 
34.870000 
34.870000 
34.810000 
34.810000 
34.810000 
34.810000 
34.810000 
34.810000 
34.810000 
34.810000 
34.810000 
34.810000 
34.870000 
34.930000 
34.930000 
34.930000 
35.000000 
35.060000 
35.120000 
35.120000 
35.180000 
35.250000 
35.250000 
35.250000 
35.250000 
35.250000 
35.250000 
35.250000 
35.250000 
35.250000 
35.250000 
35.250000 
35.180000 
35.180000 
35.180000 
35.180000 
35.180000 
35.180000 
35.180000 
35.120000 
35.120000 
35.120000 
35.120000 
35.120000 
35.060000 
35.060000 
35.000000 
35.000000 
34.930000 
34.870000 
34.870000 
34.870000 
34.810000 
34.810000 
34.750000 
34.750000 
34.750000 
34.680000 
34.680000 
34.680000 
34.680000 
34.680000 
34.680000 
34.750000 
34.680000 
34.750000 
34.750000 
34.810000 
34.750000 
34.810000 
34.870000 
34.870000 
34.930000 
34.930000 
35.000000 
35.000000 
35.060000 
35.120000 
35.120000 
35.120000 
35.120000 
35.120000 
35.120000 
35.180000 
35.180000 
35.250000 
35.310000 
35.370000 
35.370000 
35.430000 
35.560000 
35.620000 
35.620000 
35.680000 
35.750000 
35.810000 
35.810000 
35.810000 
35.870000 
35.870000 
35.870000 
35.870000 
35.810000 
35.810000 
35.750000 
35.620000 
35.560000 
35.500000 
35.370000 
35.250000 
35.180000 
35.060000 
34.930000 
34.750000 
34.620000 
34.560000 
34.370000 
34.250000 
34.120000 
33.930000 
33.810000 
33.680000 
33.500000 
33.310000 
33.180000 
33.060000 
32.930000 
32.810000 
32.680000 
32.560000 
32.430000 
32.310000 
32.250000 
32.120000 
32.060000 
32.000000 
31.930000 
31.870000 
31.810000 
31.750000 
31.680000 
31.680000 
31.620000 
31.560000 
31.500000 
31.430000 
31.370000 
31.310000 
31.250000 
31.250000 
31.180000 
31.180000 
31.120000 
31.060000 
31.000000 
31.000000 
30.930000 
30.870000 
30.870000 
30.870000 
30.810000 
30.810000 
30.810000 
30.810000 
30.750000 
30.750000 
30.750000 
30.750000 
30.750000 
30.680000 
30.680000 
30.680000 
30.620000 
30.620000 
30.620000 
30.560000 
30.560000 
30.560000 
30.500000 
30.500000 
30.430000 
30.430000 
30.370000 
30.370000 
30.310000 
30.310000 
30.250000 
30.250000 
30.180000 
30.180000 
30.180000 
30.120000 
30.120000 
30.120000 
30.120000 
30.120000 
30.120000 
30.120000 
30.060000 
30.060000 
30.060000 
30.060000 
30.060000 
30.060000 
30.060000 
30.000000 
30.000000 
30.000000 
30.000000 
30.000000 
30.060000 
30.060000 
30.060000 
30.060000 
30.120000 
30.120000 
30.120000 
30.120000 
30.120000 
30.120000 
30.120000 
30.120000 
30.120000 
30.120000 
30.060000 
30.060000 
30.060000 
30.060000 
30.060000 
30.060000 
30.060000 
30.060000 
30.060000 
30.000000 
30.000000 
30.060000 
30.060000 
30.000000 
30.000000 
30.000000 
30.000000 
30.000000 
30.000000 
30.000000 
30.000000 
30.000000 
30.000000 
30.000000 
30.060000 
30.060000 
30.060000 
30.060000 
30.060000 
30.060000 
30.060000 
30.060000 
30.060000 
30.120000 
30.060000 
30.060000 
30.060000 
30.060000 
30.060000 
30.060000 
30.000000 
30.000000 
30.000000 
29.930000 
29.930000 
29.930000 
29.930000 
29.930000 
29.930000 
29.930000 
29.930000 
29.930000 
29.930000 
30.000000 
30.000000 
30.000000 
30.000000 
30.060000 
30.060000 
30.060000 
30.060000 
30.060000 
30.060000 
30.060000 
30.060000 
30.060000 
30.060000 
30.060000 
30.060000 
30.060000 
30.060000 
30.060000 
30.060000 
30.000000 
30.000000 
30.060000 
30.000000 
30.000000 
30.000000 
30.000000 
30.060000 
30.000000 
30.000000 
30.000000 
30.060000 
30.000000 
30.000000 
30.000000 
30.000000 
29.930000 
29.930000 
29.930000 
29.930000 
29.930000 
29.930000 
29.930000 
29.930000 
30.000000 
30.000000 
30.000000 
30.000000 
30.000000 
30.000000 
30.000000 
30.000000 
30.000000 
30.000000 
30.000000 
29.930000 
29.930000 
29.930000 
29.930000 
29.930000 
29.930000 
29.930000 
29.930000 
29.930000 
29.930000 
29.930000 
29.930000 
29.870000 
29.930000 
29.930000 
29.870000 
29.930000 
29.870000 
29.870000 
29.870000 
29.870000 
29.870000 
29.930000 
29.930000 
29.930000 
29.930000 
29.930000 
29.930000 
30.000000 
30.000000 
30.000000 
30.000000 
30.000000 
30.000000 
30.000000 
30.000000 
30.000000 
30.060000 
30.060000 
30.060000 
30.060000 
30.060000 
30.060000 
30.060000 
30.120000 
30.120000 
30.120000 
30.120000 
30.120000 
30.120000 
30.180000 
30.120000 
30.120000 
30.120000 
30.120000 
30.120000 
30.120000 
30.120000 
30.120000 
30.120000 
30.120000 
30.120000 
30.060000 
30.060000 
30.060000 
30.060000 
30.060000 
30.060000 
30.000000 
30.000000 
30.000000 
29.930000 
29.930000 
29.930000 
29.930000 
29.930000 
29.870000 
29.870000 
29.870000 
29.870000 
29.930000 
29.870000 
29.930000 
29.870000 
29.870000 
29.870000 
29.930000 
29.930000 
29.930000 
29.930000 
29.930000 
29.930000 
29.930000 
29.930000 
29.930000 
29.930000 
29.930000 
30.000000 
30.000000 
30.000000 
30.000000 
30.000000 
30.060000 
30.060000 
30.060000 
30.060000 
30.060000 
30.000000 
30.000000 
29.930000 
29.930000 
29.930000 
29.930000 
29.930000 
29.870000 
29.870000 
29.930000 
29.930000 
29.930000 
29.930000 
30.000000 
30.000000 
30.000000 
30.000000 
30.000000 
30.000000 
30.060000 
30.060000 
30.060000 
30.060000 
30.060000 
30.060000 
30.060000 
30.060000 
30.120000 
30.120000 
30.120000 
30.120000 
30.120000 
30.120000 
30.120000 
30.060000 
30.060000 
30.060000 
30.060000 
