
            0            0
  1.0000e-002            0
  2.0000e-002            0
  3.0000e-002            0
  4.0000e-002            0
  5.0000e-002  1.2185e+000
  6.0000e-002  2.2471e+000
  7.0000e-002  3.1199e+000
  8.0000e-002  3.8610e+000
  9.0000e-002  4.4894e+000
  1.0000e-001  5.0223e+000
  1.1000e-001  5.4744e+000
  1.2000e-001  5.8578e+000
  1.3000e-001  6.1830e+000
  1.4000e-001  6.4589e+000
  1.5000e-001  6.6929e+000
  1.6000e-001  6.8913e+000
  1.7000e-001  7.0596e+000
  1.8000e-001  7.2024e+000
  1.9000e-001  7.3235e+000
  2.0000e-001  6.8170e+000
  2.1000e-001  6.3898e+000
  2.2000e-001  6.0272e+000
  2.3000e-001  5.7194e+000
  2.4000e-001  5.4583e+000
  2.5000e-001  5.2369e+000
  2.6000e-001  5.0491e+000
  2.7000e-001  4.8899e+000
  2.8000e-001  4.7548e+000
  2.9000e-001  4.6402e+000
  3.0000e-001  4.5430e+000
  3.1000e-001  4.4606e+000
  3.2000e-001  4.3906e+000
  3.3000e-001  4.3313e+000
  3.4000e-001  4.2810e+000
  3.5000e-001  4.2384e+000
  3.6000e-001  4.2022e+000
  3.7000e-001  4.1715e+000
  3.8000e-001  4.1455e+000
  3.9000e-001  4.1234e+000
  4.0000e-001  2.8862e+000
  4.1000e-001  1.8417e+000
  4.2000e-001  9.5537e-001
  4.3000e-001  2.0289e-001
  4.4000e-001 -4.3525e-001
  4.5000e-001 -9.7641e-001
  4.6000e-001 -1.4354e+000
  4.7000e-001 -1.8248e+000
  4.8000e-001 -2.1550e+000
  4.9000e-001 -2.4351e+000
  5.0000e-001 -2.6727e+000
  5.1000e-001 -2.8742e+000
  5.2000e-001 -3.0451e+000
  5.3000e-001 -3.1901e+000
  5.4000e-001 -3.3130e+000
  5.5000e-001 -3.4173e+000
  5.6000e-001 -3.5058e+000
  5.7000e-001 -3.5808e+000
  5.8000e-001 -3.6445e+000
  5.9000e-001 -3.6984e+000
  6.0000e-001 -3.4396e+000
  6.1000e-001 -3.2213e+000
  6.2000e-001 -3.0360e+000
  6.3000e-001 -2.8787e+000
  6.4000e-001 -2.7453e+000
  6.5000e-001 -2.6321e+000
  6.6000e-001 -2.5362e+000
  6.7000e-001 -2.4548e+000
  6.8000e-001 -2.3857e+000
  6.9000e-001 -2.3272e+000
  7.0000e-001 -2.2775e+000
  7.1000e-001 -2.2354e+000
  7.2000e-001 -2.1996e+000
  7.3000e-001 -2.1693e+000
  7.4000e-001 -2.1436e+000
  7.5000e-001 -2.1218e+000
  7.6000e-001 -2.1033e+000
  7.7000e-001 -2.0876e+000
  7.8000e-001 -2.0743e+000
  7.9000e-001 -2.0630e+000
  8.0000e-001 -1.7489e+000
  8.1000e-001 -1.4836e+000
  8.2000e-001 -1.2585e+000
  8.3000e-001 -1.0674e+000
  8.4000e-001 -9.0533e-001
  8.5000e-001 -7.6789e-001
  8.6000e-001 -6.5131e-001
  8.7000e-001 -5.5243e-001
  8.8000e-001 -4.6856e-001
  8.9000e-001 -3.9743e-001
  9.0000e-001 -3.3709e-001
  9.1000e-001 -2.8592e-001
  9.2000e-001 -2.4251e-001
  9.3000e-001 -2.0569e-001
  9.4000e-001 -1.7446e-001
  9.5000e-001 -1.4798e-001
  9.6000e-001 -1.2551e-001
  9.7000e-001 -1.0646e-001
  9.8000e-001 -9.0296e-002
  9.9000e-001 -7.6587e-002
  1.0000e+000 -6.4960e-002
