            0            0
  1.0000e-002            0
  2.0000e-002            0
  3.0000e-002            0
  4.0000e-002            0
  5.0000e-002  3.4204e+000
  6.0000e-002  5.2934e+000
  7.0000e-002  6.4056e+000
  8.0000e-002  7.0732e+000
  9.0000e-002  7.4594e+000
  1.0000e-001  7.6830e+000
  1.1000e-001  7.8146e+000
  1.2000e-001  7.8917e+000
  1.3000e-001  7.9367e+000
  1.4000e-001  7.9630e+000
  1.5000e-001  7.9784e+000
  1.6000e-001  7.9873e+000
  1.7000e-001  7.9926e+000
  1.8000e-001  7.9957e+000
  1.9000e-001  7.9975e+000
  2.0000e-001  6.2883e+000
  2.1000e-001  5.3524e+000
  2.2000e-001  4.7967e+000
  2.3000e-001  4.4631e+000
  2.4000e-001  4.2701e+000
  2.5000e-001  4.1584e+000
  2.6000e-001  4.0927e+000
  2.7000e-001  4.0541e+000
  2.8000e-001  4.0316e+000
  2.9000e-001  4.0185e+000
  3.0000e-001  4.0108e+000
  3.1000e-001  4.0063e+000
  3.2000e-001  4.0037e+000
  3.3000e-001  4.0022e+000
  3.4000e-001  4.0013e+000
  3.5000e-001  4.0007e+000
  3.6000e-001  4.0004e+000
  3.7000e-001  4.0003e+000
  3.8000e-001  4.0001e+000
  3.9000e-001  4.0001e+000
  4.0000e-001  5.7963e-001
  4.1000e-001 -1.2934e+000
  4.2000e-001 -2.4056e+000
  4.3000e-001 -3.0732e+000
  4.4000e-001 -3.4594e+000
  4.5000e-001 -3.6830e+000
  4.6000e-001 -3.8146e+000
  4.7000e-001 -3.8917e+000
  4.8000e-001 -3.9367e+000
  4.9000e-001 -3.9630e+000
  5.0000e-001 -3.9784e+000
  5.1000e-001 -3.9873e+000
  5.2000e-001 -3.9926e+000
  5.3000e-001 -3.9957e+000
  5.4000e-001 -3.9975e+000
  5.5000e-001 -3.9985e+000
  5.6000e-001 -3.9991e+000
  5.7000e-001 -3.9995e+000
  5.8000e-001 -3.9997e+000
  5.9000e-001 -3.9998e+000
  6.0000e-001 -3.1448e+000
  6.1000e-001 -2.6766e+000
  6.2000e-001 -2.3986e+000
  6.3000e-001 -2.2317e+000
  6.4000e-001 -2.1351e+000
  6.5000e-001 -2.0792e+000
  6.6000e-001 -2.0464e+000
  6.7000e-001 -2.0271e+000
  6.8000e-001 -2.0158e+000
  6.9000e-001 -2.0093e+000
  7.0000e-001 -2.0054e+000
  7.1000e-001 -2.0032e+000
  7.2000e-001 -2.0018e+000
  7.3000e-001 -2.0011e+000
  7.4000e-001 -2.0006e+000
  7.5000e-001 -2.0004e+000
  7.6000e-001 -2.0002e+000
  7.7000e-001 -2.0001e+000
  7.8000e-001 -2.0001e+000
  7.9000e-001 -2.0000e+000
  8.0000e-001 -1.1449e+000
  8.1000e-001 -6.7667e-001
  8.2000e-001 -3.9861e-001
  8.3000e-001 -2.3171e-001
  8.4000e-001 -1.3515e-001
  8.5000e-001 -7.9243e-002
  8.6000e-001 -4.6359e-002
  8.7000e-001 -2.7069e-002
  8.8000e-001 -1.5825e-002
  8.9000e-001 -9.2577e-003
  9.0000e-001 -5.4123e-003
  9.1000e-001 -3.1636e-003
  9.2000e-001 -1.8498e-003
  9.3000e-001 -1.0816e-003
  9.4000e-001 -6.3234e-004
  9.5000e-001 -3.6970e-004
  9.6000e-001 -2.1615e-004
  9.7000e-001 -1.2638e-004
  9.8000e-001 -7.3888e-005
  9.9000e-001 -4.3199e-005
  1.0000e+000 -2.5257e-005
