
            0            0
  1.0000e-002            0
  2.0000e-002            0
  3.0000e-002            0
  4.0000e-002            0
  5.0000e-002  2.4042e+000
  6.0000e-002  4.0573e+000
  7.0000e-002  5.2236e+000
  8.0000e-002  6.0491e+000
  9.0000e-002  6.6286e+000
  1.0000e-001  7.0354e+000
  1.1000e-001  7.3216e+000
  1.2000e-001  7.5230e+000
  1.3000e-001  7.6646e+000
  1.4000e-001  7.7641e+000
  1.5000e-001  7.8341e+000
  1.6000e-001  7.8834e+000
  1.7000e-001  7.9180e+000
  1.8000e-001  7.9423e+000
  1.9000e-001  7.9594e+000
  2.0000e-001  6.7694e+000
  2.1000e-001  5.9513e+000
  2.2000e-001  5.3741e+000
  2.3000e-001  4.9656e+000
  2.4000e-001  4.6787e+000
  2.5000e-001  4.4774e+000
  2.6000e-001  4.3357e+000
  2.7000e-001  4.2361e+000
  2.8000e-001  4.1660e+000
  2.9000e-001  4.1167e+000
  3.0000e-001  4.0821e+000
  3.1000e-001  4.0577e+000
  3.2000e-001  4.0406e+000
  3.3000e-001  4.0285e+000
  3.4000e-001  4.0201e+000
  3.5000e-001  4.0141e+000
  3.6000e-001  4.0099e+000
  3.7000e-001  4.0070e+000
  3.8000e-001  4.0049e+000
  3.9000e-001  4.0035e+000
  4.0000e-001  1.5982e+000
  4.1000e-001 -5.5570e-002
  4.2000e-001 -1.2224e+000
  4.3000e-001 -2.0482e+000
  4.4000e-001 -2.6280e+000
  4.5000e-001 -3.0350e+000
  4.6000e-001 -3.3214e+000
  4.7000e-001 -3.5228e+000
  4.8000e-001 -3.6645e+000
  4.9000e-001 -3.7640e+000
  5.0000e-001 -3.8341e+000
  5.1000e-001 -3.8833e+000
  5.2000e-001 -3.9180e+000
  5.3000e-001 -3.9423e+000
  5.4000e-001 -3.9594e+000
  5.5000e-001 -3.9715e+000
  5.6000e-001 -3.9799e+000
  5.7000e-001 -3.9859e+000
  5.8000e-001 -3.9901e+000
  5.9000e-001 -3.9930e+000
  6.0000e-001 -3.3940e+000
  6.1000e-001 -2.9822e+000
  6.2000e-001 -2.6917e+000
  6.3000e-001 -2.4860e+000
  6.4000e-001 -2.3416e+000
  6.5000e-001 -2.2403e+000
  6.6000e-001 -2.1690e+000
  6.7000e-001 -2.1188e+000
  6.8000e-001 -2.0836e+000
  6.9000e-001 -2.0588e+000
  7.0000e-001 -2.0413e+000
  7.1000e-001 -2.0291e+000
  7.2000e-001 -2.0204e+000
  7.3000e-001 -2.0144e+000
  7.4000e-001 -2.0101e+000
  7.5000e-001 -2.0071e+000
  7.6000e-001 -2.0050e+000
  7.7000e-001 -2.0035e+000
  7.8000e-001 -2.0025e+000
  7.9000e-001 -2.0017e+000
  8.0000e-001 -1.4002e+000
  8.1000e-001 -9.8654e-001
  8.2000e-001 -6.9471e-001
  8.3000e-001 -4.8816e-001
  8.4000e-001 -3.4315e-001
  8.5000e-001 -2.4136e-001
  8.6000e-001 -1.6974e-001
  8.7000e-001 -1.1935e-001
  8.8000e-001 -8.3922e-002
  8.9000e-001 -5.9015e-002
  9.0000e-001 -4.1499e-002
  9.1000e-001 -2.9182e-002
  9.2000e-001 -2.0520e-002
  9.3000e-001 -1.4430e-002
  9.4000e-001 -1.0147e-002
  9.5000e-001 -7.1352e-003
  9.6000e-001 -5.0174e-003
  9.7000e-001 -3.5282e-003
  9.8000e-001 -2.4810e-003
  9.9000e-001 -1.7446e-003
  1.0000e+000 -1.2268e-003
