            0            0
  1.0000e-002            0
  2.0000e-002            0
  3.0000e-002            0
  4.0000e-002            0
  5.0000e-002  4.3452e+000
  6.0000e-002  6.1530e+000
  7.0000e-002  7.0823e+000
  8.0000e-002  7.5694e+000
  9.0000e-002  7.7931e+000
  1.0000e-001  7.8976e+000
  1.1000e-001  7.9504e+000
  1.2000e-001  7.9763e+000
  1.3000e-001  7.9885e+000
  1.4000e-001  7.9944e+000
  1.5000e-001  7.9973e+000
  1.6000e-001  7.9987e+000
  1.7000e-001  7.9994e+000
  1.8000e-001  7.9997e+000
  1.9000e-001  7.9999e+000
  2.0000e-001  5.8273e+000
  2.1000e-001  4.9235e+000
  2.2000e-001  4.4588e+000
  2.3000e-001  4.2153e+000
  2.4000e-001  4.1034e+000
  2.5000e-001  4.0512e+000
  2.6000e-001  4.0248e+000
  2.7000e-001  4.0119e+000
  2.8000e-001  4.0058e+000
  2.9000e-001  4.0028e+000
  3.0000e-001  4.0014e+000
  3.1000e-001  4.0007e+000
  3.2000e-001  4.0003e+000
  3.3000e-001  4.0002e+000
  3.4000e-001  4.0001e+000
  3.5000e-001  4.0000e+000
  3.6000e-001  4.0000e+000
  3.7000e-001  4.0000e+000
  3.8000e-001  4.0000e+000
  3.9000e-001  4.0000e+000
  4.0000e-001 -3.4518e-001
  4.1000e-001 -2.1530e+000
  4.2000e-001 -3.0823e+000
  4.3000e-001 -3.5694e+000
  4.4000e-001 -3.7931e+000
  4.5000e-001 -3.8976e+000
  4.6000e-001 -3.9504e+000
  4.7000e-001 -3.9763e+000
  4.8000e-001 -3.9885e+000
  4.9000e-001 -3.9944e+000
  5.0000e-001 -3.9973e+000
  5.1000e-001 -3.9987e+000
  5.2000e-001 -3.9994e+000
  5.3000e-001 -3.9997e+000
  5.4000e-001 -3.9999e+000
  5.5000e-001 -3.9999e+000
  5.6000e-001 -4.0000e+000
  5.7000e-001 -4.0000e+000
  5.8000e-001 -4.0000e+000
  5.9000e-001 -4.0000e+000
  6.0000e-001 -2.9137e+000
  6.1000e-001 -2.4618e+000
  6.2000e-001 -2.2294e+000
  6.3000e-001 -2.1077e+000
  6.4000e-001 -2.0517e+000
  6.5000e-001 -2.0256e+000
  6.6000e-001 -2.0124e+000
  6.7000e-001 -2.0059e+000
  6.8000e-001 -2.0029e+000
  6.9000e-001 -2.0014e+000
  7.0000e-001 -2.0007e+000
  7.1000e-001 -2.0003e+000
  7.2000e-001 -2.0002e+000
  7.3000e-001 -2.0001e+000
  7.4000e-001 -2.0000e+000
  7.5000e-001 -2.0000e+000
  7.6000e-001 -2.0000e+000
  7.7000e-001 -2.0000e+000
  7.8000e-001 -2.0000e+000
  7.9000e-001 -2.0000e+000
  8.0000e-001 -9.1371e-001
  8.1000e-001 -4.6176e-001
  8.2000e-001 -2.2942e-001
  8.3000e-001 -1.0765e-001
  8.4000e-001 -5.1718e-002
  8.5000e-001 -2.5608e-002
  8.6000e-001 -1.2401e-002
  8.7000e-001 -5.9259e-003
  8.8000e-001 -2.8805e-003
  8.9000e-001 -1.4058e-003
  9.0000e-001 -6.7825e-004
  9.1000e-001 -3.2731e-004
  9.2000e-001 -1.5909e-004
  9.3000e-001 -7.7172e-005
  9.4000e-001 -3.7289e-005
  9.5000e-001 -1.8056e-005
  9.6000e-001 -8.7604e-006
  9.7000e-001 -4.2425e-006
  9.8000e-001 -2.0531e-006
  9.9000e-001 -9.9482e-007
  1.0000e+000 -4.8212e-007
