            0            0
  1.0000e-002            0
  2.0000e-002            0
  3.0000e-002            0
  4.0000e-002            0
  5.0000e-002  1.7682e+000
  6.0000e-002  3.1341e+000
  7.0000e-002  4.2013e+000
  8.0000e-002  5.0361e+000
  9.0000e-002  5.6872e+000
  1.0000e-001  6.1951e+000
  1.1000e-001  6.5915e+000
  1.2000e-001  6.9008e+000
  1.3000e-001  7.1422e+000
  1.4000e-001  7.3306e+000
  1.5000e-001  7.4776e+000
  1.6000e-001  7.5924e+000
  1.7000e-001  7.6819e+000
  1.8000e-001  7.7518e+000
  1.9000e-001  7.8063e+000
  2.0000e-001  6.9647e+000
  2.1000e-001  6.3150e+000
  2.2000e-001  5.8073e+000
  2.3000e-001  5.4101e+000
  2.4000e-001  5.1003e+000
  2.5000e-001  4.8587e+000
  2.6000e-001  4.6701e+000
  2.7000e-001  4.5229e+000
  2.8000e-001  4.4081e+000
  2.9000e-001  4.3185e+000
  3.0000e-001  4.2485e+000
  3.1000e-001  4.1939e+000
  3.2000e-001  4.1513e+000
  3.3000e-001  4.1181e+000
  3.4000e-001  4.0922e+000
  3.5000e-001  4.0719e+000
  3.6000e-001  4.0561e+000
  3.7000e-001  4.0438e+000
  3.8000e-001  4.0342e+000
  3.9000e-001  4.0267e+000
  4.0000e-001  2.2526e+000
  4.1000e-001  8.8215e-001
  4.2000e-001 -1.8857e-001
  4.3000e-001 -1.0262e+000
  4.4000e-001 -1.6795e+000
  4.5000e-001 -2.1891e+000
  4.6000e-001 -2.5868e+000
  4.7000e-001 -2.8972e+000
  4.8000e-001 -3.1394e+000
  4.9000e-001 -3.3284e+000
  5.0000e-001 -3.4759e+000
  5.1000e-001 -3.5910e+000
  5.2000e-001 -3.6808e+000
  5.3000e-001 -3.7509e+000
  5.4000e-001 -3.8056e+000
  5.5000e-001 -3.8483e+000
  5.6000e-001 -3.8816e+000
  5.7000e-001 -3.9076e+000
  5.8000e-001 -3.9279e+000
  5.9000e-001 -3.9437e+000
  6.0000e-001 -3.5140e+000
  6.1000e-001 -3.1822e+000
  6.2000e-001 -2.9230e+000
  6.3000e-001 -2.7201e+000
  6.4000e-001 -2.5619e+000
  6.5000e-001 -2.4385e+000
  6.6000e-001 -2.3422e+000
  6.7000e-001 -2.2671e+000
  6.8000e-001 -2.2084e+000
  6.9000e-001 -2.1626e+000
  7.0000e-001 -2.1269e+000
  7.1000e-001 -2.0990e+000
  7.2000e-001 -2.0773e+000
  7.3000e-001 -2.0603e+000
  7.4000e-001 -2.0471e+000
  7.5000e-001 -2.0367e+000
  7.6000e-001 -2.0287e+000
  7.7000e-001 -2.0224e+000
  7.8000e-001 -2.0175e+000
  7.9000e-001 -2.0136e+000
  8.0000e-001 -1.5686e+000
  8.1000e-001 -1.2248e+000
  8.2000e-001 -9.5616e-001
  8.3000e-001 -7.4604e-001
  8.4000e-001 -5.8214e-001
  8.5000e-001 -4.5431e-001
  8.6000e-001 -3.5454e-001
  8.7000e-001 -2.7667e-001
  8.8000e-001 -2.1590e-001
  8.9000e-001 -1.6849e-001
  9.0000e-001 -1.3148e-001
  9.1000e-001 -1.0261e-001
  9.2000e-001 -8.0071e-002
  9.3000e-001 -6.2485e-002
  9.4000e-001 -4.8762e-002
  9.5000e-001 -3.8052e-002
  9.6000e-001 -2.9695e-002
  9.7000e-001 -2.3173e-002
  9.8000e-001 -1.8084e-002
  9.9000e-001 -1.4112e-002
  1.0000e+000 -1.1013e-002
