            0            0
  1.0000e-002            0
  2.0000e-002            0
  3.0000e-002            0
  4.0000e-002            0
  5.0000e-002            0
  6.0000e-002            0
  7.0000e-002  4.3452e-001
  8.0000e-002  1.4626e+000
  9.0000e-002  1.8005e+000
  1.0000e-001  1.8640e+000
  1.1000e-001  1.9299e+000
  1.2000e-001  1.9723e+000
  1.3000e-001  1.9865e+000
  1.4000e-001  1.9925e+000
  1.5000e-001  1.9965e+000
  1.6000e-001  1.9984e+000
  1.7000e-001  1.9992e+000
  1.8000e-001  1.9996e+000
  1.9000e-001  1.9998e+000
  2.0000e-001  1.9999e+000
  2.1000e-001  2.0000e+000
  2.2000e-001  1.7827e+000
  2.3000e-001  1.2687e+000
  2.4000e-001  1.0997e+000
  2.5000e-001  1.0680e+000
  2.6000e-001  1.0350e+000
  2.7000e-001  1.0139e+000
  2.8000e-001  1.0068e+000
  2.9000e-001  1.0037e+000
  3.0000e-001  1.0017e+000
  3.1000e-001  1.0008e+000
  3.2000e-001  1.0004e+000
  3.3000e-001  1.0002e+000
  3.4000e-001  1.0001e+000
  3.5000e-001  1.0000e+000
  3.6000e-001  1.0000e+000
  3.7000e-001  1.0000e+000
  3.8000e-001  1.0000e+000
  3.9000e-001  1.0000e+000
  4.0000e-001  1.0000e+000
  4.1000e-001  1.0000e+000
  4.2000e-001  5.6548e-001
  4.3000e-001 -4.6261e-001
  4.4000e-001 -8.0052e-001
  4.5000e-001 -8.6398e-001
  4.6000e-001 -9.2991e-001
  4.7000e-001 -9.7229e-001
  4.8000e-001 -9.8645e-001
  4.9000e-001 -9.9254e-001
  5.0000e-001 -9.9651e-001
  5.1000e-001 -9.9843e-001
  5.2000e-001 -9.9921e-001
  5.3000e-001 -9.9960e-001
  5.4000e-001 -9.9981e-001
  5.5000e-001 -9.9991e-001
  5.6000e-001 -9.9996e-001
  5.7000e-001 -9.9998e-001
  5.8000e-001 -9.9999e-001
  5.9000e-001 -1.0000e+000
  6.0000e-001 -1.0000e+000
  6.1000e-001 -1.0000e+000
  6.2000e-001 -8.9137e-001
  6.3000e-001 -6.3435e-001
  6.4000e-001 -5.4987e-001
  6.5000e-001 -5.3400e-001
  6.6000e-001 -5.1752e-001
  6.7000e-001 -5.0693e-001
  6.8000e-001 -5.0339e-001
  6.9000e-001 -5.0186e-001
  7.0000e-001 -5.0087e-001
  7.1000e-001 -5.0039e-001
  7.2000e-001 -5.0020e-001
  7.3000e-001 -5.0010e-001
  7.4000e-001 -5.0005e-001
  7.5000e-001 -5.0002e-001
  7.6000e-001 -5.0001e-001
  7.7000e-001 -5.0001e-001
  7.8000e-001 -5.0000e-001
  7.9000e-001 -5.0000e-001
  8.0000e-001 -5.0000e-001
  8.1000e-001 -5.0000e-001
  8.2000e-001 -3.9137e-001
  8.3000e-001 -1.3435e-001
  8.4000e-001 -4.9871e-002
  8.5000e-001 -3.4004e-002
  8.6000e-001 -1.7522e-002
  8.7000e-001 -6.9278e-003
  8.8000e-001 -3.3871e-003
  8.9000e-001 -1.8642e-003
  9.0000e-001 -8.7196e-004
  9.1000e-001 -3.9346e-004
  9.2000e-001 -1.9853e-004
  9.3000e-001 -9.9436e-005
  9.4000e-001 -4.6620e-005
  9.5000e-001 -2.2288e-005
  9.6000e-001 -1.1056e-005
  9.7000e-001 -5.3674e-006
  9.8000e-001 -2.5606e-006
  9.9000e-001 -1.2432e-006
  1.0000e+000 -6.0757e-007
