            0            0
  1.0000e-002            0
  2.0000e-002            0
  3.0000e-002            0
  4.0000e-002            0
  5.0000e-002            0
  6.0000e-002            0
  7.0000e-002  3.4204e-001
  8.0000e-002  1.1963e+000
  9.0000e-002  1.5881e+000
  1.0000e-001  1.7296e+000
  1.1000e-001  1.8359e+000
  1.2000e-001  1.9090e+000
  1.3000e-001  1.9472e+000
  1.4000e-001  1.9684e+000
  1.5000e-001  1.9815e+000
  1.6000e-001  1.9893e+000
  1.7000e-001  1.9937e+000
  1.8000e-001  1.9963e+000
  1.9000e-001  1.9979e+000
  2.0000e-001  1.9987e+000
  2.1000e-001  1.9993e+000
  2.2000e-001  1.8285e+000
  2.3000e-001  1.4016e+000
  2.4000e-001  1.2058e+000
  2.5000e-001  1.1351e+000
  2.6000e-001  1.0820e+000
  2.7000e-001  1.0455e+000
  2.8000e-001  1.0264e+000
  2.9000e-001  1.0158e+000
  3.0000e-001  1.0092e+000
  3.1000e-001  1.0053e+000
  3.2000e-001  1.0031e+000
  3.3000e-001  1.0018e+000
  3.4000e-001  1.0011e+000
  3.5000e-001  1.0006e+000
  3.6000e-001  1.0004e+000
  3.7000e-001  1.0002e+000
  3.8000e-001  1.0001e+000
  3.9000e-001  1.0001e+000
  4.0000e-001  1.0000e+000
  4.1000e-001  1.0000e+000
  4.2000e-001  6.5797e-001
  4.3000e-001 -1.9631e-001
  4.4000e-001 -5.8811e-001
  4.5000e-001 -7.2958e-001
  4.6000e-001 -8.3588e-001
  4.7000e-001 -9.0895e-001
  4.8000e-001 -9.4723e-001
  4.9000e-001 -9.6838e-001
  5.0000e-001 -9.8151e-001
  5.1000e-001 -9.8930e-001
  5.2000e-001 -9.9374e-001
  5.3000e-001 -9.9632e-001
  5.4000e-001 -9.9785e-001
  5.5000e-001 -9.9875e-001
  5.6000e-001 -9.9927e-001
  5.7000e-001 -9.9957e-001
  5.8000e-001 -9.9975e-001
  5.9000e-001 -9.9985e-001
  6.0000e-001 -9.9991e-001
  6.1000e-001 -9.9995e-001
  6.2000e-001 -9.1446e-001
  6.3000e-001 -7.0090e-001
  6.4000e-001 -6.0296e-001
  6.5000e-001 -5.6760e-001
  6.6000e-001 -5.4103e-001
  6.7000e-001 -5.2276e-001
  6.8000e-001 -5.1319e-001
  6.9000e-001 -5.0790e-001
  7.0000e-001 -5.0462e-001
  7.1000e-001 -5.0267e-001
  7.2000e-001 -5.0157e-001
  7.3000e-001 -5.0092e-001
  7.4000e-001 -5.0054e-001
  7.5000e-001 -5.0031e-001
  7.6000e-001 -5.0018e-001
  7.7000e-001 -5.0011e-001
  7.8000e-001 -5.0006e-001
  7.9000e-001 -5.0004e-001
  8.0000e-001 -5.0002e-001
  8.1000e-001 -5.0001e-001
  8.2000e-001 -4.1450e-001
  8.3000e-001 -2.0092e-001
  8.4000e-001 -1.0297e-001
  8.5000e-001 -6.7606e-002
  8.6000e-001 -4.1032e-002
  8.7000e-001 -2.2762e-002
  8.8000e-001 -1.3192e-002
  8.9000e-001 -7.9049e-003
  9.0000e-001 -4.6222e-003
  9.1000e-001 -2.6739e-003
  9.2000e-001 -1.5658e-003
  9.3000e-001 -9.1945e-004
  9.4000e-001 -5.3686e-004
  9.5000e-001 -3.1335e-004
  9.6000e-001 -1.8336e-004
  9.7000e-001 -1.0727e-004
  9.8000e-001 -6.2688e-005
  9.9000e-001 -3.6644e-005
  1.0000e+000 -2.1429e-005
