
            0            0
  1.0000e-002            0
  2.0000e-002            0
  3.0000e-002            0
  4.0000e-002            0
  5.0000e-002            0
  6.0000e-002            0
  7.0000e-002  1.7682e-001
  8.0000e-002  6.5822e-001
  9.0000e-002  9.8751e-001
  1.0000e-001  1.1957e+000
  1.1000e-001  1.3680e+000
  1.2000e-001  1.5092e+000
  1.3000e-001  1.6175e+000
  1.4000e-001  1.7011e+000
  1.5000e-001  1.7667e+000
  1.6000e-001  1.8180e+000
  1.7000e-001  1.8580e+000
  1.8000e-001  1.8892e+000
  1.9000e-001  1.9135e+000
  2.0000e-001  1.9325e+000
  2.1000e-001  1.9473e+000
  2.2000e-001  1.8705e+000
  2.3000e-001  1.6388e+000
  2.4000e-001  1.4812e+000
  2.5000e-001  1.3826e+000
  2.6000e-001  1.3007e+000
  2.7000e-001  1.2335e+000
  2.8000e-001  1.1820e+000
  2.9000e-001  1.1422e+000
  3.0000e-001  1.1110e+000
  3.1000e-001  1.0866e+000
  3.2000e-001  1.0676e+000
  3.3000e-001  1.0527e+000
  3.4000e-001  1.0412e+000
  3.5000e-001  1.0321e+000
  3.6000e-001  1.0251e+000
  3.7000e-001  1.0196e+000
  3.8000e-001  1.0153e+000
  3.9000e-001  1.0119e+000
  4.0000e-001  1.0093e+000
  4.1000e-001  1.0073e+000
  4.2000e-001  8.2884e-001
  4.3000e-001  3.4620e-001
  4.4000e-001  1.5937e-002
  4.5000e-001 -1.9306e-001
  4.6000e-001 -3.6592e-001
  4.7000e-001 -5.0755e-001
  4.8000e-001 -6.1622e-001
  4.9000e-001 -7.0012e-001
  5.0000e-001 -7.6593e-001
  5.1000e-001 -8.1740e-001
  5.2000e-001 -8.5751e-001
  5.3000e-001 -8.8879e-001
  5.4000e-001 -9.1322e-001
  5.5000e-001 -9.3228e-001
  5.6000e-001 -9.4715e-001
  5.7000e-001 -9.5876e-001
  5.8000e-001 -9.6782e-001
  5.9000e-001 -9.7488e-001
  6.0000e-001 -9.8040e-001
  6.1000e-001 -9.8470e-001
  6.2000e-001 -9.4386e-001
  6.3000e-001 -8.2613e-001
  6.4000e-001 -7.4585e-001
  6.5000e-001 -6.9539e-001
  6.6000e-001 -6.5357e-001
  6.7000e-001 -6.1925e-001
  6.8000e-001 -5.9293e-001
  6.9000e-001 -5.7262e-001
  7.0000e-001 -5.5668e-001
  7.1000e-001 -5.4422e-001
  7.2000e-001 -5.3451e-001
  7.3000e-001 -5.2693e-001
  7.4000e-001 -5.2101e-001
  7.5000e-001 -5.1640e-001
  7.6000e-001 -5.1280e-001
  7.7000e-001 -5.0999e-001
  7.8000e-001 -5.0779e-001
  7.9000e-001 -5.0608e-001
  8.0000e-001 -5.0475e-001
  8.1000e-001 -5.0370e-001
  8.2000e-001 -4.5868e-001
  8.3000e-001 -3.3770e-001
  8.4000e-001 -2.5488e-001
  8.5000e-001 -2.0244e-001
  8.6000e-001 -1.5907e-001
  8.7000e-001 -1.2354e-001
  8.8000e-001 -9.6278e-002
  8.9000e-001 -7.5229e-002
  9.0000e-001 -5.8721e-002
  9.1000e-001 -4.5809e-002
  9.2000e-001 -3.5747e-002
  9.3000e-001 -2.7898e-002
  9.4000e-001 -2.1771e-002
  9.5000e-001 -1.6989e-002
  9.6000e-001 -1.3258e-002
  9.7000e-001 -1.0346e-002
  9.8000e-001 -8.0740e-003
  9.9000e-001 -6.3007e-003
  1.0000e+000 -4.9169e-003
