            0            0
  1.0000e-002            0
  2.0000e-002            0
  3.0000e-002            0
  4.0000e-002            0
  5.0000e-002            0
  6.0000e-002            0
  7.0000e-002  1.2185e-001
  8.0000e-002  4.6231e-001
  9.0000e-002  7.2001e-001
  1.0000e-001  9.0473e-001
  1.1000e-001  1.0679e+000
  1.2000e-001  1.2110e+000
  1.3000e-001  1.3312e+000
  1.4000e-001  1.4325e+000
  1.5000e-001  1.5186e+000
  1.6000e-001  1.5917e+000
  1.7000e-001  1.6537e+000
  1.8000e-001  1.7063e+000
  1.9000e-001  1.7509e+000
  2.0000e-001  1.7887e+000
  2.1000e-001  1.8208e+000
  2.2000e-001  1.7871e+000
  2.3000e-001  1.6399e+000
  2.4000e-001  1.5306e+000
  2.5000e-001  1.4549e+000
  2.6000e-001  1.3874e+000
  2.7000e-001  1.3278e+000
  2.8000e-001  1.2778e+000
  2.9000e-001  1.2358e+000
  3.0000e-001  1.2000e+000
  3.1000e-001  1.1696e+000
  3.2000e-001  1.1439e+000
  3.3000e-001  1.1220e+000
  3.4000e-001  1.1035e+000
  3.5000e-001  1.0878e+000
  3.6000e-001  1.0745e+000
  3.7000e-001  1.0632e+000
  3.8000e-001  1.0536e+000
  3.9000e-001  1.0454e+000
  4.0000e-001  1.0385e+000
  4.1000e-001  1.0327e+000
  4.2000e-001  9.0588e-001
  4.3000e-001  5.6121e-001
  4.4000e-001  2.9993e-001
  4.5000e-001  1.1218e-001
  4.6000e-001 -5.3546e-002
  4.7000e-001 -1.9884e-001
  4.8000e-001 -3.2085e-001
  4.9000e-001 -4.2370e-001
  5.0000e-001 -5.1114e-001
  5.1000e-001 -5.8540e-001
  5.2000e-001 -6.4835e-001
  5.3000e-001 -7.0173e-001
  5.4000e-001 -7.4701e-001
  5.5000e-001 -7.8542e-001
  5.6000e-001 -8.1800e-001
  5.7000e-001 -8.4563e-001
  5.8000e-001 -8.6906e-001
  5.9000e-001 -8.8894e-001
  6.0000e-001 -9.0580e-001
  6.1000e-001 -9.2010e-001
  6.2000e-001 -9.0177e-001
  6.3000e-001 -8.2694e-001
  6.4000e-001 -7.7124e-001
  6.5000e-001 -7.3247e-001
  6.6000e-001 -6.9795e-001
  6.7000e-001 -6.6750e-001
  6.8000e-001 -6.4197e-001
  6.9000e-001 -6.2049e-001
  7.0000e-001 -6.0220e-001
  7.1000e-001 -5.8668e-001
  7.2000e-001 -5.7352e-001
  7.3000e-001 -5.6236e-001
  7.4000e-001 -5.5289e-001
  7.5000e-001 -5.4486e-001
  7.6000e-001 -5.3805e-001
  7.7000e-001 -5.3227e-001
  7.8000e-001 -5.2737e-001
  7.9000e-001 -5.2322e-001
  8.0000e-001 -5.1969e-001
  8.1000e-001 -5.1670e-001
  8.2000e-001 -4.8371e-001
  8.3000e-001 -3.9644e-001
  8.4000e-001 -3.3019e-001
  8.5000e-001 -2.8246e-001
  8.6000e-001 -2.4036e-001
  8.7000e-001 -2.0347e-001
  8.8000e-001 -1.7248e-001
  8.9000e-001 -1.4636e-001
  9.0000e-001 -1.2415e-001
  9.1000e-001 -1.0529e-001
  9.2000e-001 -8.9307e-002
  9.3000e-001 -7.5751e-002
  9.4000e-001 -6.4250e-002
  9.5000e-001 -5.4496e-002
  9.6000e-001 -4.6223e-002
  9.7000e-001 -3.9205e-002
  9.8000e-001 -3.3253e-002
  9.9000e-001 -2.8205e-002
  1.0000e+000 -2.3923e-002
