            0            0
  1.0000e-002            0
  2.0000e-002            0
  3.0000e-002            0
  4.0000e-002            0
  5.0000e-002            0
  6.0000e-002            0
  7.0000e-002  2.4042e-001
  8.0000e-002  8.7455e-001
  9.0000e-002  1.2540e+000
  1.0000e-001  1.4557e+000
  1.1000e-001  1.6118e+000
  1.2000e-001  1.7303e+000
  1.3000e-001  1.8110e+000
  1.4000e-001  1.8665e+000
  1.5000e-001  1.9061e+000
  1.6000e-001  1.9340e+000
  1.7000e-001  1.9536e+000
  1.8000e-001  1.9674e+000
  1.9000e-001  1.9771e+000
  2.0000e-001  1.9839e+000
  2.1000e-001  1.9887e+000
  2.2000e-001  1.8718e+000
  2.3000e-001  1.5571e+000
  2.4000e-001  1.3690e+000
  2.5000e-001  1.2694e+000
  2.6000e-001  1.1922e+000
  2.7000e-001  1.1335e+000
  2.8000e-001  1.0936e+000
  2.9000e-001  1.0661e+000
  3.0000e-001  1.0465e+000
  3.1000e-001  1.0326e+000
  3.2000e-001  1.0230e+000
  3.3000e-001  1.0161e+000
  3.4000e-001  1.0114e+000
  3.5000e-001  1.0080e+000
  3.6000e-001  1.0056e+000
  3.7000e-001  1.0039e+000
  3.8000e-001  1.0028e+000
  3.9000e-001  1.0020e+000
  4.0000e-001  1.0014e+000
  4.1000e-001  1.0010e+000
  4.2000e-001  7.6026e-001
  4.3000e-001  1.2593e-001
  4.4000e-001 -2.5369e-001
  4.5000e-001 -4.5550e-001
  4.6000e-001 -6.1162e-001
  4.7000e-001 -7.3020e-001
  4.8000e-001 -8.1088e-001
  4.9000e-001 -8.6648e-001
  5.0000e-001 -9.0605e-001
  5.1000e-001 -9.3402e-001
  5.2000e-001 -9.5361e-001
  5.3000e-001 -9.6736e-001
  5.4000e-001 -9.7705e-001
  5.5000e-001 -9.8386e-001
  5.6000e-001 -9.8865e-001
  5.7000e-001 -9.9202e-001
  5.8000e-001 -9.9439e-001
  5.9000e-001 -9.9605e-001
  6.0000e-001 -9.9723e-001
  6.1000e-001 -9.9805e-001
  6.2000e-001 -9.3852e-001
  6.3000e-001 -7.8040e-001
  6.4000e-001 -6.8582e-001
  6.5000e-001 -6.3559e-001
  6.6000e-001 -5.9672e-001
  6.7000e-001 -5.6719e-001
  6.8000e-001 -5.4709e-001
  6.9000e-001 -5.3325e-001
  7.0000e-001 -5.2339e-001
  7.1000e-001 -5.1643e-001
  7.2000e-001 -5.1155e-001
  7.3000e-001 -5.0813e-001
  7.4000e-001 -5.0571e-001
  7.5000e-001 -5.0402e-001
  7.6000e-001 -5.0283e-001
  7.7000e-001 -5.0199e-001
  7.8000e-001 -5.0140e-001
  7.9000e-001 -5.0098e-001
  8.0000e-001 -5.0069e-001
  8.1000e-001 -5.0049e-001
  8.2000e-001 -4.4024e-001
  8.3000e-001 -2.8160e-001
  8.4000e-001 -1.8666e-001
  8.5000e-001 -1.3618e-001
  8.6000e-001 -9.7138e-002
  8.7000e-001 -6.7481e-002
  8.8000e-001 -4.7301e-002
  8.9000e-001 -3.3395e-002
  9.0000e-001 -2.3497e-002
  9.1000e-001 -1.6502e-002
  9.2000e-001 -1.1603e-002
  9.3000e-001 -8.1625e-003
  9.4000e-001 -5.7397e-003
  9.5000e-001 -4.0357e-003
  9.6000e-001 -2.8379e-003
  9.7000e-001 -1.9956e-003
  9.8000e-001 -1.4033e-003
  9.9000e-001 -9.8679e-004
  1.0000e+000 -6.9390e-004
