28.620000 
28.620000 
28.620000 
28.620000 
28.620000 
28.620000 
28.560000 
28.560000 
28.560000 
28.500000 
28.500000 
28.430000 
28.430000 
28.310000 
28.250000 
28.180000 
28.120000 
28.060000 
28.000000 
27.870000 
27.810000 
27.680000 
27.620000 
27.500000 
27.430000 
27.310000 
27.180000 
27.060000 
27.000000 
26.870000 
26.810000 
26.680000 
26.620000 
26.500000 
26.430000 
26.310000 
26.180000 
26.120000 
26.000000 
25.930000 
25.810000 
25.750000 
25.620000 
25.560000 
25.430000 
25.370000 
25.310000 
25.250000 
25.120000 
25.060000 
25.000000 
24.930000 
24.870000 
