25.120000 
25.120000 
25.180000 
25.250000 
25.370000 
25.430000 
25.500000 
25.620000 
25.680000 
25.750000 
25.810000 
25.870000 
26.000000 
26.060000 
26.120000 
26.180000 
26.250000 
26.310000 
26.430000 
26.500000 
26.560000 
26.620000 
26.680000 
26.680000 
26.810000 
26.810000 
26.870000 
26.930000 
27.000000 
27.060000 
27.120000 
27.180000 
27.180000 
27.250000 
27.310000 
27.370000 
27.370000 
27.430000 
27.500000 
27.500000 
27.560000 
27.620000 
27.620000 
27.680000 
27.680000 
27.750000 
27.810000 
27.810000 
27.870000 
27.870000 
27.930000 
28.000000 
28.000000 
28.000000 
28.060000 
28.060000 
28.120000 
28.120000 
28.180000 
28.180000 
28.250000 
28.250000 
28.250000 
28.310000 
28.370000 
28.370000 
28.370000 
28.430000 
28.430000 
28.500000 
28.500000 
28.500000 
28.560000 
28.560000 
28.560000 
28.620000 
28.620000 
28.680000 
28.680000 
28.680000 
28.750000 
28.750000 
28.810000 
28.810000 
28.810000 
28.870000 
28.870000 
28.930000 
28.930000 
29.000000 
29.000000 
29.000000 
29.000000 
29.060000 
29.060000 
29.060000 
29.120000 
29.120000 
29.120000 
29.120000 
29.180000 
29.180000 
29.180000 
29.250000 
29.250000 
29.250000 
29.250000 
29.310000 
29.310000 
29.310000 
29.310000 
29.370000 
29.310000 
29.370000 
29.370000 
29.370000 
29.430000 
29.430000 
29.430000 
29.500000 
29.500000 
29.500000 
29.500000 
29.500000 
29.560000 
29.560000 
29.560000 
29.560000 
29.560000 
29.560000 
29.620000 
29.620000 
29.620000 
29.620000 
29.620000 
29.620000 
29.620000 
29.620000 
29.680000 
29.680000 
29.680000 
29.680000 
29.750000 
29.750000 
29.750000 
29.750000 
29.750000 
29.750000 
29.750000 
29.750000 
29.750000 
29.750000 
29.750000 
29.810000 
29.810000 
29.810000 
29.810000 
29.810000 
29.810000 
29.810000 
29.870000 
29.870000 
29.870000 
29.870000 
29.870000 
29.870000 
29.930000 
29.930000 
29.930000 
29.930000 
29.930000 
29.930000 
29.930000 
29.930000 
30.000000 
29.930000 
30.000000 
30.000000 
30.000000 
30.000000 
30.000000 
30.000000 
30.000000 
30.000000 
30.000000 
30.060000 
30.060000 
30.060000 
30.060000 
30.060000 
30.060000 
30.060000 
30.060000 
30.060000 
30.060000 
30.060000 
30.060000 
30.060000 
30.060000 
30.060000 
30.060000 
30.120000 
30.120000 
30.120000 
30.120000 
30.120000 
30.120000 
30.120000 
30.180000 
30.180000 
30.180000 
30.180000 
30.180000 
30.180000 
30.180000 
30.180000 
30.180000 
30.250000 
30.250000 
30.250000 
30.250000 
30.250000 
30.250000 
30.250000 
30.310000 
30.250000 
30.250000 
30.310000 
30.310000 
30.250000 
30.310000 
30.310000 
30.310000 
30.310000 
30.310000 
30.310000 
30.310000 
30.310000 
30.310000 
30.310000 
30.310000 
30.370000 
30.370000 
30.370000 
30.370000 
30.370000 
30.430000 
30.430000 
30.430000 
30.430000 
30.430000 
30.430000 
30.430000 
30.430000 
30.430000 
30.500000 
30.500000 
30.500000 
30.500000 
30.500000 
30.560000 
30.560000 
30.560000 
30.560000 
30.560000 
30.620000 
30.560000 
30.620000 
30.560000 
30.560000 
30.560000 
30.560000 
30.560000 
30.560000 
30.560000 
30.560000 
30.560000 
30.560000 
30.560000 
30.560000 
30.560000 
30.560000 
30.560000 
30.560000 
30.560000 
30.560000 
30.620000 
30.620000 
30.560000 
30.560000 
30.620000 
30.620000 
30.620000 
30.620000 
30.620000 
30.620000 
30.620000 
30.620000 
30.620000 
30.620000 
30.620000 
30.620000 
30.620000 
30.620000 
30.620000 
30.620000 
30.620000 
30.620000 
30.620000 
30.620000 
30.680000 
30.680000 
30.620000 
30.680000 
30.680000 
30.680000 
30.680000 
30.680000 
30.680000 
30.680000 
30.680000 
30.680000 
30.680000 
30.680000 
30.680000 
30.680000 
30.680000 
30.680000 
30.680000 
30.680000 
30.680000 
30.680000 
30.680000 
30.680000 
30.680000 
30.680000 
30.680000 
30.680000 
30.680000 
30.680000 
30.680000 
30.680000 
30.680000 
30.680000 
30.750000 
30.750000 
30.750000 
30.750000 
30.750000 
30.750000 
30.750000 
30.810000 
30.750000 
30.750000 
30.810000 
30.750000 
30.810000 
30.810000 
30.810000 
30.810000 
30.810000 
30.810000 
30.810000 
30.750000 
30.810000 
30.750000 
30.810000 
30.810000 
30.810000 
30.810000 
30.810000 
30.810000 
30.810000 
30.810000 
30.810000 
30.870000 
30.870000 
30.870000 
30.870000 
30.870000 
30.930000 
30.930000 
30.930000 
30.930000 
30.930000 
30.930000 
30.930000 
30.930000 
30.930000 
30.930000 
30.930000 
30.870000 
30.870000 
30.870000 
30.870000 
30.870000 
30.870000 
30.870000 
30.870000 
30.870000 
30.870000 
30.870000 
30.870000 
30.870000 
30.870000 
30.870000 
30.870000 
30.870000 
30.870000 
30.870000 
30.870000 
30.870000 
30.870000 
30.870000 
30.870000 
30.870000 
30.870000 
30.870000 
30.870000 
30.930000 
30.930000 
30.930000 
30.930000 
30.930000 
30.930000 
30.870000 
30.930000 
30.930000 
30.870000 
30.930000 
30.930000 
30.930000 
30.930000 
30.930000 
30.930000 
30.930000 
30.930000 
30.930000 
30.930000 
30.930000 
30.930000 
30.930000 
30.930000 
31.000000 
30.930000 
30.930000 
30.930000 
30.930000 
30.930000 
30.930000 
