31.000000 
31.000000 
31.060000 
31.060000 
31.060000 
31.060000 
31.060000 
31.060000 
31.120000 
31.120000 
31.120000 
31.120000 
31.120000 
31.120000 
31.120000 
31.180000 
31.180000 
31.180000 
31.180000 
31.180000 
31.180000 
31.180000 
31.180000 
31.180000 
31.180000 
31.180000 
31.120000 
31.120000 
31.180000 
31.180000 
31.180000 
31.120000 
31.120000 
31.120000 
31.120000 
31.060000 
31.060000 
31.060000 
31.060000 
31.060000 
31.000000 
31.000000 
31.000000 
30.930000 
30.930000 
30.930000 
30.930000 
30.870000 
30.870000 
30.870000 
30.870000 
30.810000 
30.810000 
30.810000 
30.810000 
30.810000 
30.750000 
30.750000 
30.750000 
30.680000 
30.680000 
30.680000 
30.620000 
30.620000 
30.620000 
30.560000 
30.560000 
30.560000 
30.500000 
30.560000 
30.500000 
30.500000 
30.500000 
30.430000 
30.430000 
30.430000 
30.430000 
30.430000 
30.370000 
30.370000 
30.310000 
30.310000 
30.310000 
30.310000 
30.310000 
30.310000 
30.310000 
30.310000 
30.250000 
30.250000 
30.250000 
30.180000 
30.180000 
30.180000 
30.180000 
30.120000 
30.120000 
30.120000 
30.120000 
30.120000 
30.120000 
30.120000 
30.060000 
30.060000 
30.060000 
30.060000 
30.060000 
30.060000 
30.000000 
30.000000 
30.000000 
30.000000 
30.000000 
30.000000 
30.000000 
30.000000 
30.000000 
29.930000 
30.000000 
29.930000 
29.930000 
29.930000 
29.930000 
29.930000 
29.870000 
29.930000 
29.870000 
29.870000 
29.870000 
29.870000 
29.810000 
29.870000 
29.870000 
29.810000 
29.810000 
29.810000 
29.810000 
29.810000 
29.810000 
29.810000 
29.750000 
29.810000 
29.810000 
29.810000 
29.810000 
29.750000 
29.750000 
29.750000 
29.750000 
29.750000 
29.750000 
29.750000 
29.750000 
29.750000 
29.750000 
29.750000 
29.750000 
29.750000 
29.680000 
29.680000 
29.680000 
29.680000 
29.680000 
29.680000 
29.680000 
29.680000 
29.680000 
29.680000 
29.680000 
29.680000 
29.680000 
29.680000 
29.680000 
29.680000 
29.680000 
29.680000 
29.680000 
29.680000 
29.620000 
29.620000 
29.620000 
29.620000 
29.620000 
29.620000 
29.620000 
29.620000 
29.560000 
29.560000 
29.620000 
29.560000 
29.560000 
29.560000 
29.560000 
29.560000 
29.560000 
29.560000 
29.560000 
29.500000 
29.500000 
29.500000 
29.500000 
29.500000 
29.500000 
29.500000 
29.430000 
29.500000 
29.500000 
29.500000 
29.500000 
29.500000 
29.500000 
29.500000 
29.500000 
29.430000 
29.500000 
29.430000 
29.430000 
29.500000 
29.430000 
29.430000 
29.430000 
29.500000 
29.430000 
29.430000 
29.430000 
29.430000 
29.430000 
29.430000 
29.430000 
29.430000 
29.430000 
29.370000 
29.370000 
29.370000 
29.370000 
29.430000 
29.430000 
29.370000 
29.370000 
29.370000 
29.370000 
29.310000 
29.310000 
29.310000 
29.310000 
29.310000 
29.310000 
29.310000 
29.310000 
29.310000 
29.310000 
29.310000 
29.310000 
29.310000 
29.310000 
29.310000 
29.310000 
29.250000 
29.310000 
29.310000 
29.310000 
29.310000 
29.310000 
29.310000 
29.310000 
29.310000 
29.310000 
29.310000 
29.310000 
29.370000 
29.310000 
29.370000 
29.370000 
29.370000 
29.370000 
29.370000 
29.370000 
29.370000 
29.370000 
29.370000 
29.370000 
29.370000 
29.370000 
29.370000 
29.370000 
29.310000 
29.370000 
29.370000 
29.370000 
29.370000 
29.370000 
29.370000 
29.370000 
29.370000 
29.370000 
29.370000 
29.370000 
29.370000 
29.370000 
29.370000 
29.370000 
29.370000 
29.370000 
29.370000 
29.310000 
29.310000 
29.310000 
29.310000 
29.310000 
29.250000 
29.310000 
29.250000 
29.250000 
29.250000 
29.250000 
29.310000 
29.310000 
29.250000 
29.310000 
29.310000 
29.250000 
29.310000 
29.310000 
29.310000 
29.310000 
29.310000 
29.310000 
29.310000 
29.310000 
29.310000 
29.310000 
29.310000 
29.310000 
29.310000 
29.310000 
29.310000 
29.310000 
29.310000 
29.310000 
29.310000 
29.310000 
29.310000 
29.310000 
29.310000 
29.310000 
29.310000 
29.310000 
29.370000 
29.370000 
29.310000 
29.310000 
29.310000 
29.370000 
29.370000 
29.370000 
29.310000 
29.370000 
29.310000 
29.310000 
29.310000 
29.310000 
29.310000 
29.310000 
29.310000 
29.310000 
29.310000 
29.310000 
29.310000 
29.310000 
29.310000 
29.310000 
29.310000 
29.310000 
29.310000 
29.310000 
29.310000 
29.310000 
29.310000 
29.310000 
29.310000 
29.310000 
29.310000 
29.310000 
29.310000 
29.310000 
29.310000 
29.310000 
29.370000 
29.310000 
29.310000 
29.310000 
29.310000 
29.310000 
29.310000 
29.310000 
29.250000 
29.250000 
29.310000 
29.250000 
29.250000 
29.250000 
29.250000 
29.250000 
29.250000 
29.250000 
29.180000 
29.180000 
29.180000 
29.180000 
29.180000 
29.180000 
29.180000 
29.180000 
29.180000 
29.180000 
29.180000 
29.180000 
29.180000 
29.180000 
29.120000 
29.180000 
29.120000 
29.120000 
29.180000 
29.180000 
29.180000 
29.180000 
29.180000 
29.180000 
29.180000 
29.180000 
29.180000 
29.180000 
29.180000 
29.180000 
29.250000 
29.180000 
29.180000 
29.180000 
29.180000 
29.180000 
29.180000 
29.180000 
29.180000 
29.180000 
29.180000 
29.180000 
29.180000 
29.180000 
29.180000 
