30.750000 
30.750000 
30.750000 
30.750000 
30.750000 
30.750000 
30.680000 
30.680000 
30.680000 
30.680000 
30.680000 
30.680000 
30.680000 
30.680000 
30.620000 
30.620000 
30.680000 
30.680000 
30.680000 
30.680000 
30.680000 
30.750000 
30.750000 
30.750000 
30.750000 
30.750000 
30.750000 
30.750000 
30.810000 
30.810000 
30.810000 
30.810000 
30.810000 
30.810000 
30.870000 
30.870000 
30.870000 
30.870000 
30.930000 
30.930000 
30.930000 
31.000000 
31.000000 
31.000000 
31.000000 
31.060000 
31.120000 
31.120000 
31.120000 
31.180000 
31.180000 
31.180000 
31.250000 
31.250000 
31.250000 
31.250000 
31.310000 
31.310000 
31.310000 
31.370000 
31.310000 
31.370000 
31.370000 
31.370000 
31.430000 
31.430000 
31.500000 
31.500000 
31.500000 
31.560000 
31.560000 
31.560000 
31.560000 
31.620000 
31.620000 
31.620000 
31.620000 
31.620000 
31.680000 
31.680000 
31.680000 
31.680000 
31.750000 
31.750000 
31.750000 
31.810000 
31.810000 
31.870000 
31.870000 
31.870000 
31.870000 
31.930000 
31.930000 
31.930000 
32.000000 
32.000000 
32.000000 
32.000000 
32.060000 
32.060000 
32.060000 
32.120000 
32.120000 
32.120000 
32.120000 
32.120000 
32.180000 
32.180000 
32.180000 
32.180000 
32.180000 
32.250000 
32.250000 
32.250000 
32.250000 
32.250000 
32.250000 
32.250000 
32.250000 
32.250000 
32.250000 
32.250000 
32.250000 
32.250000 
32.250000 
32.250000 
32.250000 
32.250000 
32.250000 
32.250000 
32.250000 
32.250000 
32.310000 
32.310000 
32.310000 
32.310000 
32.310000 
32.310000 
32.370000 
32.370000 
32.370000 
32.430000 
32.430000 
32.430000 
32.430000 
32.430000 
32.500000 
32.500000 
32.500000 
32.500000 
32.560000 
32.560000 
32.560000 
32.560000 
32.560000 
32.620000 
32.620000 
32.620000 
32.620000 
32.620000 
32.620000 
32.620000 
32.620000 
32.680000 
32.680000 
32.680000 
32.680000 
32.750000 
32.680000 
32.680000 
32.680000 
32.680000 
32.750000 
32.750000 
32.750000 
32.750000 
32.750000 
32.750000 
32.750000 
32.750000 
32.750000 
32.750000 
32.750000 
32.810000 
32.810000 
32.810000 
32.810000 
32.810000 
32.810000 
32.810000 
32.810000 
32.810000 
32.870000 
32.870000 
32.870000 
32.870000 
32.870000 
32.870000 
32.870000 
32.870000 
32.870000 
32.870000 
32.870000 
32.870000 
32.870000 
32.870000 
32.930000 
32.870000 
32.930000 
32.930000 
32.870000 
32.870000 
32.930000 
32.930000 
32.930000 
32.930000 
32.930000 
33.000000 
32.930000 
33.000000 
33.000000 
33.000000 
33.000000 
33.000000 
33.000000 
33.000000 
33.000000 
33.060000 
33.000000 
33.060000 
33.060000 
33.060000 
33.060000 
33.060000 
33.060000 
33.060000 
33.060000 
33.060000 
33.000000 
33.060000 
33.060000 
33.000000 
33.060000 
33.060000 
33.060000 
33.060000 
33.060000 
33.060000 
33.060000 
33.060000 
33.060000 
33.060000 
33.060000 
33.060000 
33.060000 
33.060000 
33.060000 
33.060000 
33.060000 
33.120000 
33.120000 
33.120000 
33.120000 
33.120000 
33.120000 
33.120000 
33.120000 
33.120000 
33.120000 
33.120000 
33.120000 
33.120000 
33.060000 
33.060000 
33.060000 
33.060000 
33.060000 
33.060000 
33.060000 
33.060000 
33.060000 
33.060000 
33.060000 
33.060000 
33.120000 
33.120000 
33.120000 
33.120000 
33.180000 
33.180000 
33.180000 
33.180000 
33.180000 
33.180000 
33.180000 
33.250000 
33.250000 
33.250000 
33.310000 
33.310000 
33.310000 
33.310000 
33.310000 
33.370000 
33.310000 
33.370000 
33.370000 
33.370000 
33.370000 
33.370000 
33.370000 
33.430000 
33.430000 
33.430000 
33.430000 
33.430000 
33.430000 
33.370000 
33.370000 
33.430000 
33.430000 
33.430000 
33.430000 
33.430000 
33.430000 
33.370000 
33.430000 
33.370000 
33.370000 
33.370000 
33.370000 
33.370000 
33.370000 
33.310000 
33.310000 
33.310000 
33.310000 
33.250000 
33.310000 
33.250000 
33.250000 
33.250000 
33.250000 
33.250000 
33.250000 
33.250000 
33.250000 
33.250000 
33.250000 
33.250000 
33.250000 
33.250000 
33.250000 
33.250000 
33.250000 
33.310000 
33.250000 
33.250000 
33.250000 
33.250000 
33.250000 
33.250000 
33.250000 
33.250000 
33.250000 
33.250000 
33.250000 
33.250000 
33.250000 
33.250000 
33.250000 
33.250000 
33.250000 
33.250000 
33.180000 
33.250000 
33.250000 
33.250000 
33.250000 
33.250000 
33.250000 
33.250000 
33.250000 
33.250000 
33.250000 
33.250000 
33.250000 
33.250000 
33.250000 
33.250000 
33.250000 
33.250000 
33.250000 
33.250000 
33.250000 
33.250000 
33.250000 
33.250000 
33.250000 
33.250000 
33.250000 
33.250000 
33.250000 
33.250000 
33.250000 
33.180000 
33.250000 
33.250000 
33.250000 
33.180000 
33.180000 
33.250000 
33.180000 
33.180000 
33.180000 
33.180000 
33.180000 
33.180000 
33.180000 
33.180000 
33.180000 
33.180000 
33.180000 
33.180000 
33.180000 
33.180000 
33.180000 
33.180000 
33.180000 
33.180000 
33.180000 
33.180000 
33.250000 
33.250000 
33.250000 
33.250000 
33.310000 
33.310000 
33.310000 
33.310000 
33.370000 
33.310000 
33.310000 
33.310000 
33.310000 
33.310000 
33.310000 
33.310000 
33.310000 
33.310000 
