31.060000 
31.060000 
31.060000 
31.060000 
31.060000 
31.060000 
31.120000 
31.120000 
31.180000 
31.180000 
31.180000 
31.180000 
31.180000 
31.250000 
31.250000 
31.250000 
31.250000 
31.250000 
31.250000 
31.250000 
31.250000 
31.250000 
31.250000 
31.310000 
31.310000 
31.310000 
31.310000 
31.310000 
31.310000 
31.310000 
31.310000 
31.310000 
31.370000 
31.430000 
31.430000 
31.430000 
31.500000 
31.560000 
31.560000 
31.620000 
31.620000 
31.680000 
31.750000 
31.810000 
31.870000 
31.870000 
31.930000 
32.060000 
32.060000 
32.120000 
32.180000 
32.310000 
32.370000 
32.430000 
32.500000 
32.560000 
32.620000 
32.680000 
32.750000 
32.810000 
32.870000 
32.930000 
33.000000 
33.060000 
33.060000 
33.120000 
33.180000 
33.250000 
33.250000 
33.310000 
33.370000 
33.430000 
33.430000 
33.500000 
33.560000 
33.620000 
33.680000 
33.750000 
33.810000 
33.810000 
33.870000 
33.930000 
34.000000 
34.000000 
34.060000 
34.120000 
34.120000 
34.180000 
34.180000 
34.250000 
34.250000 
34.310000 
34.310000 
34.370000 
34.370000 
34.430000 
34.430000 
34.500000 
34.500000 
34.560000 
34.560000 
34.620000 
34.680000 
34.680000 
34.750000 
34.750000 
34.810000 
34.810000 
34.870000 
34.870000 
34.930000 
35.000000 
35.060000 
35.060000 
35.120000 
35.180000 
35.180000 
35.180000 
35.250000 
35.310000 
35.370000 
35.370000 
35.370000 
35.430000 
35.430000 
35.500000 
35.500000 
35.560000 
35.560000 
35.560000 
35.560000 
35.560000 
35.560000 
35.560000 
35.620000 
35.620000 
35.620000 
35.620000 
35.620000 
35.620000 
35.620000 
35.620000 
35.680000 
35.680000 
35.680000 
35.680000 
35.680000 
35.680000 
35.750000 
35.750000 
35.750000 
35.810000 
35.810000 
35.870000 
35.870000 
35.870000 
35.930000 
35.930000 
35.930000 
36.000000 
36.000000 
36.000000 
36.060000 
36.060000 
36.120000 
36.120000 
36.180000 
36.180000 
36.250000 
36.250000 
36.250000 
36.250000 
36.310000 
36.310000 
36.370000 
36.370000 
36.370000 
36.370000 
36.370000 
36.370000 
36.370000 
36.430000 
36.370000 
36.370000 
36.430000 
36.370000 
36.370000 
36.370000 
36.370000 
36.370000 
36.370000 
36.370000 
36.370000 
36.370000 
36.370000 
36.370000 
36.370000 
36.370000 
36.370000 
36.370000 
36.370000 
36.430000 
36.430000 
36.430000 
36.430000 
36.500000 
36.500000 
36.500000 
36.500000 
36.560000 
36.560000 
36.560000 
36.560000 
36.620000 
36.620000 
36.680000 
36.680000 
36.680000 
36.750000 
36.750000 
36.750000 
36.750000 
36.750000 
36.750000 
36.810000 
36.810000 
36.810000 
36.810000 
36.810000 
36.810000 
36.810000 
36.810000 
36.810000 
36.810000 
36.810000 
36.870000 
36.870000 
36.870000 
36.870000 
36.870000 
36.870000 
36.870000 
36.870000 
36.930000 
36.930000 
36.930000 
36.930000 
36.930000 
36.930000 
36.930000 
36.930000 
36.870000 
36.870000 
36.870000 
36.870000 
36.870000 
36.870000 
36.870000 
36.870000 
36.870000 
36.930000 
36.870000 
36.870000 
36.870000 
36.930000 
36.930000 
36.930000 
36.930000 
36.930000 
36.930000 
36.930000 
36.930000 
36.930000 
36.930000 
36.870000 
36.930000 
36.930000 
36.930000 
36.930000 
36.930000 
36.930000 
36.930000 
36.930000 
36.930000 
36.930000 
36.930000 
36.930000 
36.930000 
37.000000 
37.000000 
37.000000 
37.000000 
37.000000 
37.000000 
37.000000 
37.000000 
37.000000 
37.000000 
37.000000 
37.000000 
37.000000 
37.000000 
37.000000 
37.000000 
37.000000 
37.000000 
37.000000 
37.000000 
37.000000 
37.000000 
37.060000 
37.060000 
37.060000 
37.060000 
37.120000 
37.120000 
37.120000 
37.180000 
37.180000 
37.180000 
37.180000 
37.180000 
37.180000 
37.180000 
37.180000 
37.180000 
37.180000 
37.180000 
37.180000 
37.180000 
37.180000 
37.180000 
37.180000 
37.180000 
37.180000 
37.180000 
37.180000 
37.180000 
37.180000 
37.180000 
37.180000 
37.180000 
37.120000 
37.120000 
37.180000 
37.180000 
37.180000 
37.180000 
37.180000 
37.180000 
37.180000 
37.180000 
37.180000 
37.180000 
37.180000 
37.180000 
37.180000 
37.250000 
37.180000 
37.180000 
37.250000 
37.180000 
37.180000 
37.180000 
37.180000 
37.180000 
37.180000 
37.180000 
37.180000 
37.250000 
37.250000 
37.250000 
37.250000 
37.250000 
37.250000 
37.250000 
37.250000 
37.250000 
37.250000 
37.250000 
37.310000 
37.250000 
37.250000 
37.250000 
37.250000 
37.250000 
37.180000 
37.250000 
37.250000 
37.250000 
37.250000 
37.250000 
37.250000 
37.250000 
37.250000 
37.250000 
37.250000 
37.250000 
37.250000 
37.250000 
37.250000 
37.250000 
37.250000 
37.250000 
37.250000 
37.250000 
37.250000 
37.310000 
37.310000 
37.250000 
37.250000 
37.250000 
37.250000 
37.250000 
37.250000 
37.250000 
37.250000 
37.250000 
37.310000 
37.310000 
37.310000 
37.310000 
37.310000 
37.310000 
37.310000 
37.310000 
37.310000 
37.310000 
37.310000 
37.310000 
37.310000 
37.310000 
37.310000 
37.370000 
37.370000 
37.370000 
37.370000 
37.310000 
37.310000 
37.370000 
37.310000 
37.310000 
37.310000 
37.310000 
37.310000 
37.310000 
37.310000 
37.310000 
37.310000 
37.310000 
