30.870000 
30.870000 
30.870000 
30.870000 
30.870000 
30.870000 
30.870000 
30.930000 
30.930000 
31.000000 
31.000000 
31.060000 
31.060000 
31.060000 
31.120000 
31.120000 
31.120000 
31.120000 
31.180000 
31.180000 
31.180000 
31.250000 
31.250000 
31.250000 
31.310000 
31.310000 
31.310000 
31.310000 
31.310000 
31.370000 
31.370000 
31.430000 
31.500000 
31.500000 
31.560000 
31.680000 
31.750000 
31.810000 
31.930000 
32.060000 
32.120000 
32.250000 
32.370000 
32.500000 
32.620000 
32.750000 
32.870000 
33.060000 
33.120000 
33.310000 
33.430000 
33.560000 
33.680000 
33.810000 
33.930000 
34.060000 
34.180000 
34.310000 
34.430000 
34.560000 
34.680000 
34.810000 
34.930000 
35.060000 
35.180000 
35.310000 
35.430000 
35.500000 
35.620000 
35.810000 
35.870000 
35.930000 
36.060000 
36.180000 
36.310000 
36.370000 
36.500000 
36.620000 
36.750000 
36.810000 
36.930000 
37.000000 
37.120000 
37.180000 
37.250000 
37.370000 
37.430000 
37.560000 
37.560000 
37.680000 
37.750000 
37.810000 
37.930000 
38.000000 
38.120000 
38.120000 
38.180000 
38.310000 
38.370000 
38.430000 
38.500000 
38.620000 
38.680000 
38.750000 
38.810000 
38.870000 
38.930000 
39.000000 
39.060000 
39.120000 
39.180000 
39.250000 
39.310000 
39.370000 
39.430000 
39.500000 
39.560000 
39.620000 
39.680000 
39.750000 
39.810000 
39.870000 
39.930000 
40.000000 
40.060000 
40.060000 
40.060000 
40.120000 
40.180000 
40.180000 
40.180000 
40.250000 
40.250000 
40.310000 
40.370000 
40.370000 
40.430000 
40.430000 
40.560000 
40.620000 
40.620000 
40.680000 
40.680000 
40.810000 
40.870000 
40.870000 
40.930000 
40.930000 
41.000000 
41.000000 
41.060000 
41.060000 
41.120000 
41.120000 
41.180000 
41.250000 
41.250000 
41.250000 
41.250000 
41.310000 
41.310000 
41.310000 
41.370000 
41.370000 
41.370000 
41.430000 
41.500000 
41.500000 
41.500000 
41.560000 
41.560000 
41.560000 
41.560000 
41.560000 
41.620000 
41.620000 
41.620000 
41.680000 
41.680000 
41.750000 
41.750000 
41.750000 
41.810000 
41.810000 
41.870000 
41.870000 
41.870000 
41.930000 
41.930000 
42.000000 
42.000000 
42.060000 
42.060000 
42.060000 
42.120000 
42.180000 
42.180000 
42.180000 
42.180000 
42.180000 
42.180000 
42.250000 
42.250000 
42.310000 
42.310000 
42.370000 
42.370000 
42.370000 
42.430000 
42.370000 
42.430000 
42.430000 
42.430000 
42.430000 
42.430000 
42.500000 
42.430000 
42.430000 
42.500000 
42.500000 
42.500000 
42.500000 
42.500000 
42.500000 
42.500000 
42.500000 
42.500000 
42.560000 
42.560000 
42.560000 
42.620000 
42.620000 
42.620000 
42.620000 
42.680000 
42.620000 
42.680000 
42.680000 
42.680000 
42.750000 
42.750000 
42.810000 
42.810000 
42.810000 
42.870000 
42.870000 
42.870000 
42.870000 
42.870000 
42.930000 
42.930000 
42.930000 
43.000000 
43.000000 
43.060000 
43.000000 
43.060000 
43.120000 
43.120000 
43.120000 
43.180000 
43.180000 
43.180000 
43.250000 
43.250000 
43.310000 
43.310000 
43.310000 
43.310000 
43.310000 
43.310000 
43.310000 
43.370000 
43.370000 
43.430000 
43.430000 
43.370000 
43.430000 
43.430000 
43.430000 
43.430000 
43.430000 
43.430000 
43.500000 
43.500000 
43.500000 
43.500000 
43.500000 
43.500000 
43.560000 
43.500000 
43.560000 
43.560000 
43.560000 
43.500000 
43.560000 
43.560000 
43.560000 
43.560000 
43.620000 
43.620000 
43.620000 
43.620000 
43.680000 
43.680000 
43.680000 
43.680000 
43.680000 
43.680000 
43.680000 
43.680000 
43.680000 
43.680000 
43.680000 
43.680000 
43.750000 
43.750000 
43.750000 
43.810000 
43.810000 
43.810000 
43.810000 
43.810000 
43.870000 
43.870000 
43.930000 
43.930000 
43.930000 
43.930000 
44.000000 
44.000000 
44.000000 
44.000000 
44.000000 
44.000000 
44.000000 
44.000000 
44.060000 
44.060000 
44.060000 
44.060000 
44.060000 
44.060000 
44.000000 
44.060000 
44.000000 
44.000000 
44.060000 
44.000000 
44.060000 
44.060000 
44.060000 
44.060000 
44.060000 
44.060000 
44.060000 
44.060000 
44.060000 
44.060000 
44.060000 
44.000000 
44.060000 
44.060000 
44.060000 
44.060000 
44.060000 
44.060000 
44.060000 
44.060000 
44.060000 
44.060000 
44.060000 
44.060000 
44.060000 
44.120000 
44.120000 
44.120000 
44.120000 
44.120000 
44.120000 
44.120000 
44.180000 
44.180000 
44.120000 
44.180000 
44.180000 
44.180000 
44.180000 
44.180000 
44.180000 
44.250000 
44.250000 
44.250000 
44.250000 
44.250000 
44.250000 
44.310000 
44.250000 
44.310000 
44.310000 
44.310000 
44.310000 
44.310000 
44.310000 
44.310000 
44.310000 
44.310000 
44.310000 
44.310000 
44.310000 
44.310000 
44.250000 
44.310000 
44.250000 
44.250000 
44.250000 
44.180000 
44.180000 
44.180000 
44.180000 
44.180000 
44.180000 
44.180000 
44.180000 
44.120000 
44.120000 
44.180000 
44.180000 
44.180000 
44.180000 
44.180000 
44.180000 
44.180000 
44.180000 
44.250000 
44.250000 
44.250000 
44.250000 
44.250000 
44.310000 
44.310000 
44.310000 
44.310000 
44.310000 
44.310000 
44.310000 
44.310000 
44.310000 
44.310000 
44.310000 
