30.870000 
30.870000 
30.930000 
30.930000 
31.000000 
31.000000 
31.060000 
31.060000 
31.060000 
31.120000 
31.120000 
31.120000 
31.180000 
31.180000 
31.180000 
31.250000 
31.180000 
31.250000 
31.250000 
31.310000 
31.250000 
31.310000 
31.370000 
31.370000 
31.370000 
31.370000 
31.370000 
31.430000 
31.430000 
31.430000 
31.500000 
31.620000 
31.680000 
31.750000 
31.870000 
32.000000 
32.120000 
32.180000 
32.370000 
32.500000 
32.620000 
32.750000 
32.930000 
33.060000 
33.250000 
33.430000 
33.560000 
33.750000 
33.930000 
34.120000 
34.250000 
34.430000 
34.560000 
34.750000 
34.930000 
35.060000 
35.250000 
35.430000 
35.560000 
35.680000 
35.870000 
36.060000 
36.180000 
36.370000 
36.560000 
36.680000 
36.870000 
37.060000 
37.250000 
37.370000 
37.500000 
37.680000 
37.810000 
37.930000 
38.060000 
38.250000 
38.370000 
38.500000 
38.620000 
38.750000 
38.870000 
39.000000 
39.120000 
39.180000 
39.370000 
39.430000 
39.560000 
39.680000 
39.810000 
39.930000 
40.060000 
40.120000 
40.180000 
40.310000 
40.430000 
40.560000 
40.620000 
40.750000 
40.870000 
41.000000 
41.060000 
41.180000 
41.310000 
41.370000 
41.430000 
41.500000 
41.560000 
41.620000 
41.680000 
41.750000 
41.810000 
41.930000 
42.000000 
42.060000 
42.120000 
42.180000 
42.250000 
42.310000 
42.430000 
42.500000 
42.560000 
42.620000 
42.680000 
42.750000 
42.750000 
42.810000 
42.870000 
42.930000 
43.000000 
43.060000 
43.120000 
43.180000 
43.250000 
43.310000 
43.370000 
43.430000 
43.430000 
43.500000 
43.560000 
43.620000 
43.680000 
43.750000 
43.810000 
43.870000 
43.930000 
43.930000 
44.000000 
44.060000 
44.120000 
44.180000 
44.250000 
44.250000 
44.310000 
44.310000 
44.310000 
44.370000 
44.370000 
44.430000 
44.500000 
44.560000 
44.560000 
44.620000 
44.620000 
44.680000 
44.680000 
44.750000 
44.810000 
44.810000 
44.870000 
44.930000 
44.930000 
45.000000 
44.930000 
45.000000 
45.000000 
45.060000 
45.120000 
45.120000 
45.120000 
45.180000 
45.180000 
45.180000 
45.250000 
45.250000 
45.310000 
45.310000 
45.370000 
45.370000 
45.430000 
45.500000 
45.560000 
45.560000 
45.620000 
45.620000 
45.680000 
45.750000 
45.750000 
45.810000 
45.870000 
45.930000 
45.930000 
45.930000 
46.000000 
46.000000 
46.060000 
46.120000 
46.120000 
46.180000 
46.180000 
46.180000 
46.250000 
46.250000 
46.250000 
46.310000 
46.310000 
46.370000 
46.370000 
46.430000 
46.430000 
46.430000 
46.500000 
46.500000 
46.500000 
46.560000 
46.560000 
46.560000 
46.560000 
46.560000 
46.620000 
46.620000 
46.680000 
46.680000 
46.620000 
46.680000 
46.680000 
46.680000 
46.750000 
46.750000 
46.750000 
46.810000 
46.810000 
46.810000 
46.870000 
46.870000 
46.870000 
46.930000 
47.000000 
47.000000 
47.060000 
47.060000 
47.060000 
47.060000 
47.120000 
47.120000 
47.180000 
47.180000 
47.180000 
47.250000 
47.250000 
47.250000 
47.310000 
47.310000 
47.310000 
47.310000 
47.370000 
47.370000 
47.430000 
47.430000 
47.430000 
47.430000 
47.500000 
47.500000 
47.500000 
47.560000 
47.560000 
47.560000 
47.560000 
47.620000 
47.620000 
47.680000 
47.680000 
47.750000 
47.750000 
47.810000 
47.810000 
47.750000 
47.810000 
47.870000 
47.870000 
47.930000 
48.000000 
48.000000 
48.000000 
48.000000 
48.000000 
48.000000 
48.000000 
48.000000 
48.000000 
48.000000 
48.000000 
48.060000 
48.060000 
48.120000 
48.120000 
48.180000 
48.180000 
48.180000 
48.250000 
48.250000 
48.180000 
48.180000 
48.180000 
48.180000 
48.180000 
48.180000 
48.250000 
48.250000 
48.250000 
48.310000 
48.310000 
48.310000 
48.370000 
48.370000 
48.370000 
48.370000 
48.370000 
48.430000 
48.430000 
48.430000 
48.430000 
48.430000 
48.500000 
48.500000 
48.500000 
48.500000 
48.500000 
48.500000 
48.430000 
48.430000 
48.430000 
48.430000 
48.430000 
48.430000 
48.430000 
48.430000 
48.430000 
48.430000 
48.430000 
48.430000 
48.430000 
48.500000 
48.430000 
48.500000 
48.500000 
48.500000 
48.500000 
48.500000 
48.560000 
48.560000 
48.620000 
48.620000 
48.620000 
48.620000 
48.560000 
48.620000 
48.560000 
48.560000 
48.560000 
48.500000 
48.500000 
48.500000 
48.500000 
48.430000 
48.430000 
48.430000 
48.430000 
48.370000 
48.370000 
48.370000 
48.430000 
48.430000 
48.430000 
48.430000 
48.430000 
48.500000 
48.500000 
48.500000 
48.560000 
48.560000 
48.560000 
48.560000 
48.620000 
48.620000 
48.620000 
48.620000 
48.620000 
48.680000 
48.680000 
48.680000 
48.750000 
48.750000 
48.810000 
48.810000 
48.810000 
48.810000 
48.870000 
48.870000 
48.870000 
48.870000 
48.930000 
48.870000 
48.870000 
48.930000 
48.870000 
48.930000 
48.930000 
48.930000 
48.930000 
48.930000 
48.870000 
48.930000 
48.870000 
48.930000 
48.930000 
48.930000 
48.930000 
48.930000 
48.870000 
48.870000 
48.870000 
48.870000 
48.870000 
48.870000 
48.870000 
48.870000 
48.870000 
48.870000 
48.870000 
48.870000 
48.870000 
48.870000 
48.870000 
48.870000 
48.870000 
48.930000 
48.930000 
48.870000 
48.870000 
48.870000 
