24.712568 
23.669452 
22.845100 
22.229903 
21.787185 
21.497741 
21.261902 
21.074097 
21.011406 
20.976643 
20.966517 
21.073898 
21.188106 
21.389315 
21.582754 
21.767095 
21.941026 
22.103362 
22.335296 
22.543526 
22.728455 
22.890650 
23.030823 
23.149815 
23.248623 
23.328369 
23.472483 
23.589785 
23.682644 
23.849246 
23.983878 
24.089857 
24.252498 
24.382232 
24.482787 
24.557610 
24.609874 
24.642480 
24.658073 
24.659087 
24.647750 
24.626078 
24.595934 
24.559016 
24.516853 
24.470844 
24.422252 
24.372197 
24.321655 
31.119501 
37.055953 
42.130263 
46.509499 
50.260920 
53.446083 
56.121307 
58.338107 
60.143589 
61.484932 
62.509417 
63.169647 
63.507705 
63.647494 
63.536976 
63.201983 
62.694985 
62.050090 
61.202576 
60.370675 
59.321429 
58.248171 
57.101237 
55.891573 
54.655764 
53.397876 
52.065967 
50.750815 
49.476367 
48.235175 
47.047042 
45.900815 
44.813072 
43.769860 
42.689446 
41.677475 
40.811994 
39.982206 
39.199597 
38.446050 
37.732374 
37.122198 
36.615766 
36.116645 
35.690479 
35.339583 
35.051792 
34.720099 
34.442318 
34.290371 
34.162525 
34.051523 
33.937246 
33.911645 
33.877146 
33.830414 
33.850877 
33.843812 
33.890689 
33.980852 
34.104930 
34.254734 
34.327321 
34.424570 
34.540181 
34.668735 
34.805642 
34.947036 
35.089675 
35.230900 
35.286369 
35.346899 
35.410219 
35.474514 
35.538364 
35.600653 
35.660535 
35.717403 
35.770858 
35.820678 
35.866791 
35.909245 
36.030362 
36.137796 
36.232727 
36.316273 
36.389497 
36.453399 
36.508926 
36.556962 
36.598336 
36.633816 
36.664116 
36.689893 
36.711747 
36.730271 
36.746029 
36.759558 
36.771351 
36.781860 
36.791492 
36.896478 
36.989185 
37.071016 
37.143232 
37.206970 
37.263249 
37.312980 
37.356977 
37.300089 
37.250905 
37.208861 
37.173423 
37.144083 
37.120407 
37.102019 
37.088585 
37.079806 
36.993227 
36.921115 
36.944430 
36.887344 
36.842260 
36.808047 
36.701450 
36.613981 
36.543714 
36.571047 
36.519635 
36.563640 
36.526895 
36.501513 
36.486119 
36.397307 
36.326458 
36.271551 
36.230734 
36.202279 
36.184587 
36.176189 
36.079915 
36.098400 
36.025662 
35.968808 
36.021822 
35.979176 
36.044239 
36.011643 
35.989056 
35.975105 
35.886377 
35.814295 
35.756903 
35.712398 
35.679170 
35.655743 
35.640768 
35.715252 
35.785604 
35.851884 
35.914152 
35.972479 
36.026947 
36.077609 
36.124504 
36.167671 
36.207154 
36.243010 
36.193132 
36.150134 
36.113192 
36.081606 
36.136958 
36.186219 
36.229926 
36.268603 
36.302746 
36.428701 
36.443094 
36.551292 
36.549768 
36.547827 
36.545553 
36.542999 
36.540194 
36.537193 
36.629940 
36.614694 
36.600618 
36.587698 
36.575974 
36.565468 
36.556236 
36.466129 
36.387673 
36.319880 
36.261822 
36.130460 
36.017511 
35.921301 
35.840271 
35.772971 
35.718056 
35.674280 
35.640490 
35.615621 
35.598649 
35.588604 
35.584571 
35.667878 
35.745171 
35.816640 
35.882451 
35.942754 
35.997703 
36.047455 
36.092180 
36.132060 
36.167296 
36.198105 
36.224720 
36.247388 
36.266412 
36.282131 
36.294909 
36.305121 
36.313148 
36.237188 
36.170132 
36.193535 
36.214314 
36.232933 
36.249821 
36.265372 
36.279943 
36.293857 
36.307405 
36.320843 
36.334400 
36.348273 
36.362594 
36.377438 
36.310710 
36.255010 
36.209440 
36.173177 
36.145464 
36.125604 
36.112956 
36.106927 
36.024793 
49.654656 
61.574668 
71.945590 
80.914610 
88.616445 
95.078531 
100.000000 
100.000000 
100.000000 
100.000000 
100.000000 
100.000000 
100.000000 
100.000000 
100.000000 
99.699120 
99.010209 
98.074201 
96.880209 
95.475138 
94.010736 
92.346264 
90.632203 
88.890324 
87.166034 
85.388145 
83.684539 
81.973756 
80.360624 
78.784372 
77.326656 
75.906318 
74.628304 
73.390839 
72.294598 
71.234242 
70.293857 
69.477123 
68.758265 
68.140676 
67.598646 
67.135929 
66.727447 
66.295633 
65.908960 
65.572240 
65.261809 
64.983984 
64.716636 
64.549787 
64.463272 
64.343636 
64.283629 
64.269037 
64.273953 
64.303382 
64.348313 
64.483326 
64.609561 
64.709115 
64.794094 
64.944006 
65.064411 
65.154998 
65.202233 
65.222113 
65.297569 
65.337120 
65.425228 
65.471698 
65.562169 
65.689695 
65.752354 
65.770652 
65.831431 
65.928743 
65.975183 
65.976450 
66.019948 
65.922093 
65.796208 
65.728272 
65.629222 
65.489501 
65.410545 
65.303135 
65.253347 
65.172191 
65.146031 
65.168308 
65.150862 
65.180763 
65.251994 
65.359033 
65.496824 
65.564850 
65.666787 
65.715483 
65.798917 
65.829797 
65.896009 
65.910236 
65.960406 
65.945512 
65.968908 
65.943208 
65.956267 
66.002988 
66.078773 
66.097321 
66.147438 
66.224824 
66.325631 
66.446399 
66.501817 
66.485725 
66.502548 
66.547977 
66.535915 
66.555342 
66.602146 
66.590452 
66.609442 
66.572963 
66.474095 
66.416621 
66.491550 
66.586527 
66.602778 
66.741498 
66.891247 
66.954102 
67.036131 
67.134534 
67.164598 
67.216562 
67.287378 
67.292060 
67.320575 
67.369692 
67.354361 
67.364516 
67.396917 
67.352817 
67.337580 
67.347758 
67.380251 
67.432240 
67.501174 
67.584756 
67.598711 
67.551446 
67.450601 
67.385253 
67.255421 
67.165324 
67.110406 
67.086508 
67.007674 
66.963046 
66.948597 
66.878511 
66.842033 
66.917379 
66.926207 
67.040821 
67.165522 
67.298341 
67.437505 
67.581406 
67.810743 
67.949511 
68.090036 
68.231212 
68.289900 
68.357772 
68.433160 
68.432373 
68.350811 
68.294362 
68.177959 
68.091558 
68.031913 
67.996193 
67.981852 
67.904422 
67.854369 
67.746653 
67.671178 
67.624577 
67.603776 
67.509974 
67.448435 
67.511371 
67.491530 
67.494871 
67.436227 
67.323265 
67.245072 
67.115351 
46.478746 
28.366412 
12.639700 
0.000000 
0.000000 
0.000000 
0.000000 
0.000000 
0.000000 
0.000000 
0.000000 
0.000000 
0.000000 
0.000000 
0.010544 
0.640284 
1.793930 
3.355058 
5.245187 
7.447834 
9.892298 
12.502333 
15.293573 
18.116216 
20.909015 
23.647974 
26.383186 
28.996857 
31.553128 
33.946887 
36.157715 
38.280621 
40.223901 
41.992391 
43.593374 
44.940261 
46.151783 
47.142886 
48.033164 
48.751489 
49.305876 
49.732568 
50.037474 
50.254486 
50.304804 
50.216286 
50.014318 
49.735624 
49.385457 
48.982418 
48.460763 
47.845263 
47.157810 
46.417621 
45.641440 
44.843736 
44.036911 
43.231444 
42.353874 
41.503806 
40.685925 
39.821549 
39.005656 
38.142905 
37.341013 
36.597950 
35.911217 
35.195757 
34.540918 
33.942333 
33.395576 
32.896174 
32.439681 
32.021730 
31.638043 
31.284483 
31.039223 
30.723777 
30.510242 
30.302639 
30.098710 
29.992239 
29.873374 
29.823716 
29.750267 
29.735814 
29.688474 
29.609902 
29.583890 
29.519547 
29.515316 
29.547935 
29.610662 
29.615377 
29.649427 
29.625165 
29.548196 
29.519659 
29.436577 
29.304746 
29.211769 
29.064305 
28.945851 
28.848264 
28.778780 
28.716958 
28.576991 
28.448766 
28.329462 
28.134794 
27.969489 
27.816169 
27.673474 
27.540443 
27.430101 
27.326598 
27.229858 
27.057795 
26.903114 
26.778759 
26.668655 
26.490164 
26.335384 
26.202907 
26.009213 
25.859238 
25.653212 
25.481770 
25.342185 
25.149721 
24.994482 
24.886885 
24.808466 
24.838705 
24.800368 
24.798245 
24.814610 
24.847430 
24.894783 
24.968536 
24.969370 
24.988381 
25.023249 
25.071845 
25.050093 
25.144689 
25.163064 
25.196685 
25.243674 
25.220203 
25.231018 
25.258419 
25.300579 
25.273657 
25.268681 
25.201173 
25.175284 
25.172733 
25.191088 
25.228152 
25.295649 
25.294215 
25.314884 
25.355351 
25.331358 
25.333573 
25.277146 
25.265828 
25.280953 
25.237511 
25.225459 
25.159305 
25.128547 
25.143212 
25.184543 
25.249639 
25.253681 
25.286784 
25.359499 
25.371303 
25.412276 
25.397060 
25.415231 
25.463140 
25.455270 
25.494759 
25.480261 
25.501047 
25.553231 
25.551073 
25.501670 
25.493668 
25.440366 
25.347985 
25.317982 
25.247442 
25.224248 
25.161000 
25.145497 
25.090253 
25.000810 
24.964346 
24.892854 
24.791320 
24.664260 
24.515691 
24.349195 
24.167960 
23.974795 
23.772193 
23.562377 
23.443168 
23.308295 
23.160309 
23.001464 
22.915940 
22.812975 
22.695036 
22.564257 
22.504685 
22.425387 
22.328675 
22.298770 
22.244913 
22.265549 
22.337248 
22.370689 
22.369674 
22.419846 
22.431872 
22.491745 
22.606276 
22.671709 
22.692998 
22.756837 
22.774883 
22.751928 
22.774564 
22.754386 
22.778327 
22.758203 
22.794881 
22.784965 
22.733756 
22.728352 
22.680714 
22.595880 
22.560618 
22.486558 
22.378409 
22.240441 
22.158713 
22.044242 
21.901208 
21.733389 
21.640090 
21.598591 
21.520228 
21.491602 
21.424185 
21.404716 
21.344769 
21.249017 
21.217505 
21.146014 
21.121232 
21.054649 
21.033015 
20.967960 
20.946438 
20.880276 
20.774409 
20.633381 
20.557245 
20.524047 
20.445905 
20.328047 
20.257427 
20.145949 
19.998672 
19.820239 
19.697110 
19.540694 
19.355563 
19.241756 
19.095110 
19.002441 
18.875490 
18.719160 
18.537896 
18.417915 
18.270329 
18.181571 
18.062901 
18.014505 
17.932331 
17.820963 
17.766732 
17.680852 
17.649813 
