31.180000 
31.180000 
31.250000 
31.250000 
31.310000 
31.310000 
31.310000 
31.370000 
31.370000 
31.430000 
31.430000 
31.430000 
31.430000 
31.430000 
31.430000 
31.500000 
31.430000 
31.430000 
31.430000 
31.430000 
31.430000 
31.430000 
31.370000 
31.370000 
31.370000 
31.310000 
31.310000 
31.310000 
31.250000 
31.250000 
31.180000 
31.180000 
31.180000 
31.180000 
31.120000 
31.120000 
31.120000 
31.120000 
31.060000 
31.060000 
31.000000 
31.000000 
31.000000 
31.000000 
31.000000 
31.000000 
30.930000 
30.930000 
30.930000 
30.930000 
30.930000 
30.930000 
30.930000 
30.930000 
30.930000 
30.930000 
30.930000 
31.000000 
31.000000 
31.000000 
31.000000 
31.000000 
30.930000 
31.000000 
30.930000 
30.930000 
30.930000 
30.870000 
30.930000 
30.930000 
30.930000 
30.930000 
31.000000 
31.060000 
31.120000 
31.180000 
31.250000 
31.370000 
31.430000 
31.560000 
31.680000 
31.810000 
31.930000 
32.060000 
32.180000 
32.310000 
32.500000 
32.620000 
32.750000 
32.870000 
33.060000 
33.250000 
33.430000 
33.560000 
33.680000 
33.870000 
34.000000 
34.180000 
34.310000 
34.500000 
34.620000 
34.750000 
34.870000 
35.000000 
35.120000 
35.180000 
35.310000 
35.370000 
35.500000 
35.560000 
35.620000 
35.680000 
35.750000 
35.810000 
35.810000 
35.870000 
35.870000 
35.870000 
35.870000 
35.870000 
35.870000 
35.870000 
35.870000 
35.870000 
35.870000 
35.870000 
35.870000 
35.810000 
35.810000 
35.750000 
35.680000 
35.620000 
35.620000 
35.560000 
35.560000 
35.500000 
35.430000 
35.430000 
35.370000 
35.370000 
35.310000 
35.310000 
35.310000 
35.310000 
35.310000 
35.310000 
35.310000 
35.310000 
35.370000 
35.370000 
35.430000 
35.430000 
35.500000 
35.500000 
35.560000 
35.560000 
35.620000 
35.680000 
35.680000 
35.680000 
35.810000 
35.810000 
35.870000 
35.870000 
35.930000 
36.000000 
36.000000 
36.000000 
36.060000 
36.060000 
36.060000 
36.120000 
36.120000 
36.120000 
36.120000 
36.120000 
36.120000 
36.120000 
36.180000 
36.180000 
36.180000 
36.180000 
36.120000 
36.120000 
36.120000 
36.120000 
36.120000 
36.120000 
36.060000 
36.060000 
36.000000 
36.000000 
36.000000 
35.930000 
35.930000 
35.930000 
35.930000 
35.930000 
35.930000 
35.870000 
35.870000 
35.810000 
35.810000 
35.810000 
35.750000 
35.750000 
35.750000 
35.750000 
35.680000 
35.680000 
35.680000 
35.680000 
35.680000 
35.680000 
35.680000 
35.680000 
35.680000 
35.680000 
35.680000 
35.680000 
35.750000 
35.750000 
35.810000 
35.810000 
35.870000 
35.870000 
35.930000 
35.930000 
35.930000 
36.000000 
36.000000 
36.000000 
36.000000 
36.060000 
36.060000 
36.060000 
36.060000 
36.060000 
36.060000 
36.060000 
36.060000 
36.060000 
36.060000 
36.060000 
36.060000 
36.000000 
36.000000 
36.000000 
36.000000 
36.000000 
36.000000 
35.930000 
35.930000 
35.930000 
35.930000 
35.930000 
35.870000 
35.870000 
35.870000 
35.870000 
35.870000 
35.870000 
35.870000 
35.930000 
35.930000 
35.930000 
35.930000 
35.930000 
35.930000 
35.930000 
35.930000 
35.930000 
35.930000 
35.930000 
35.930000 
35.930000 
35.870000 
35.870000 
35.870000 
35.870000 
35.930000 
35.930000 
35.930000 
35.930000 
36.000000 
36.000000 
36.000000 
36.000000 
36.000000 
36.000000 
36.000000 
36.000000 
35.930000 
36.000000 
35.930000 
36.000000 
36.000000 
36.000000 
36.000000 
36.000000 
35.930000 
35.930000 
35.930000 
35.930000 
35.930000 
35.930000 
35.930000 
36.000000 
36.000000 
36.000000 
35.930000 
35.930000 
35.930000 
35.870000 
35.870000 
35.870000 
35.870000 
35.870000 
35.870000 
35.870000 
35.870000 
35.930000 
36.000000 
36.000000 
36.120000 
36.180000 
36.310000 
36.370000 
36.500000 
36.620000 
36.810000 
36.930000 
37.060000 
37.180000 
37.370000 
37.500000 
37.680000 
37.810000 
38.000000 
38.120000 
38.310000 
38.430000 
38.620000 
38.810000 
38.930000 
39.120000 
39.250000 
39.430000 
39.620000 
39.810000 
39.930000 
40.120000 
40.250000 
40.430000 
40.560000 
40.750000 
40.870000 
41.000000 
41.120000 
41.310000 
41.370000 
41.560000 
41.680000 
41.810000 
41.930000 
42.060000 
42.180000 
42.310000 
42.430000 
42.560000 
42.680000 
42.810000 
42.930000 
43.060000 
43.180000 
43.370000 
43.500000 
43.620000 
43.680000 
43.810000 
43.870000 
43.930000 
44.000000 
44.060000 
44.120000 
44.180000 
44.250000 
44.310000 
44.310000 
44.370000 
44.430000 
44.500000 
44.500000 
44.560000 
44.560000 
44.620000 
44.620000 
44.680000 
44.680000 
44.750000 
44.750000 
44.750000 
44.810000 
44.810000 
44.870000 
44.870000 
44.930000 
45.000000 
45.060000 
45.120000 
45.120000 
45.180000 
45.250000 
45.310000 
45.310000 
45.430000 
45.500000 
45.560000 
45.620000 
45.620000 
45.680000 
45.750000 
45.810000 
45.870000 
45.870000 
45.930000 
45.930000 
45.930000 
45.870000 
45.930000 
45.930000 
45.930000 
45.930000 
46.000000 
46.000000 
46.000000 
46.000000 
46.000000 
46.000000 
45.930000 
46.000000 
45.930000 
46.000000 
46.000000 
45.930000 
46.000000 
45.930000 
46.000000 
46.000000 
46.000000 
46.000000 
45.930000 
45.930000 
45.930000 
45.930000 
45.930000 
45.930000 
45.930000 
45.870000 
45.870000 
45.870000 
45.870000 
45.870000 
45.870000 
45.870000 
45.870000 
45.810000 
45.810000 
45.810000 
45.870000 
45.810000 
45.870000 
45.810000 
45.870000 
45.810000 
45.810000 
45.870000 
45.870000 
45.870000 
45.870000 
45.870000 
45.870000 
45.870000 
45.870000 
45.930000 
45.930000 
45.930000 
45.930000 
46.000000 
46.000000 
46.000000 
46.000000 
46.000000 
46.000000 
46.000000 
46.000000 
46.000000 
46.000000 
45.930000 
45.930000 
46.000000 
46.000000 
46.000000 
46.000000 
46.000000 
46.000000 
46.000000 
46.000000 
46.000000 
46.000000 
46.000000 
45.930000 
45.930000 
45.870000 
45.870000 
45.810000 
45.810000 
45.680000 
45.620000 
45.560000 
45.500000 
45.310000 
45.180000 
45.000000 
44.810000 
44.680000 
44.500000 
44.310000 
44.120000 
43.930000 
43.680000 
43.500000 
43.310000 
43.120000 
42.870000 
42.680000 
42.430000 
42.250000 
42.000000 
41.750000 
41.500000 
41.180000 
40.930000 
40.680000 
40.430000 
40.180000 
39.930000 
39.680000 
39.430000 
39.180000 
39.000000 
38.750000 
38.500000 
38.310000 
38.120000 
37.930000 
37.750000 
37.560000 
37.430000 
37.250000 
37.060000 
36.870000 
36.750000 
36.560000 
36.430000 
36.250000 
36.120000 
35.930000 
35.810000 
35.680000 
35.500000 
35.370000 
35.180000 
35.060000 
34.870000 
34.750000 
34.620000 
34.430000 
34.250000 
34.120000 
33.930000 
33.810000 
33.680000 
33.560000 
33.430000 
33.310000 
33.180000 
33.120000 
33.000000 
32.930000 
32.810000 
32.750000 
32.680000 
32.680000 
32.620000 
32.560000 
32.560000 
32.500000 
32.500000 
32.430000 
32.370000 
32.370000 
32.370000 
32.310000 
32.310000 
32.310000 
32.250000 
32.250000 
32.180000 
32.180000 
32.120000 
32.120000 
32.060000 
32.060000 
32.000000 
32.000000 
31.930000 
31.930000 
31.870000 
31.810000 
31.750000 
31.750000 
31.680000 
31.620000 
31.560000 
31.560000 
31.500000 
31.500000 
31.430000 
31.370000 
31.370000 
31.310000 
31.310000 
31.250000 
31.180000 
31.180000 
31.120000 
31.120000 
31.060000 
31.060000 
31.000000 
31.000000 
31.000000 
30.930000 
30.930000 
30.930000 
30.930000 
30.930000 
30.930000 
30.930000 
30.930000 
30.930000 
30.930000 
31.000000 
31.000000 
31.000000 
31.000000 
31.000000 
31.000000 
31.060000 
31.060000 
31.060000 
31.060000 
31.060000 
31.060000 
31.120000 
31.060000 
31.120000 
31.120000 
31.120000 
31.120000 
31.120000 
31.120000 
31.120000 
31.120000 
31.120000 
31.120000 
31.060000 
31.060000 
31.060000 
31.060000 
31.000000 
31.000000 
31.000000 
31.000000 
30.930000 
30.930000 
30.930000 
30.930000 
30.930000 
30.870000 
30.870000 
30.810000 
30.810000 
30.810000 
30.750000 
30.750000 
30.750000 
30.750000 
30.750000 
30.680000 
30.750000 
30.750000 
30.750000 
30.750000 
30.750000 
30.680000 
30.750000 
30.750000 
30.750000 
30.750000 
30.750000 
30.810000 
30.810000 
30.870000 
30.870000 
30.930000 
30.930000 
30.930000 
31.000000 
31.000000 
31.060000 
31.060000 
31.060000 
31.060000 
31.060000 
31.120000 
31.060000 
31.120000 
31.120000 
31.060000 
31.120000 
31.060000 
31.060000 
31.060000 
31.060000 
31.000000 
31.000000 
31.000000 
31.000000 
30.930000 
30.930000 
30.930000 
30.870000 
30.870000 
30.810000 
30.810000 
30.750000 
30.750000 
30.750000 
30.750000 
30.810000 
30.810000 
30.810000 
30.810000 
30.810000 
30.810000 
30.810000 
30.870000 
30.870000 
30.870000 
30.930000 
30.930000 
30.930000 
31.000000 
31.000000 
31.000000 
31.060000 
31.000000 
31.060000 
31.060000 
31.060000 
31.060000 
31.120000 
31.060000 
31.060000 
31.060000 
31.120000 
31.120000 
31.120000 
31.060000 
31.060000 
31.060000 
31.000000 
31.000000 
30.930000 
30.930000 
30.930000 
30.870000 
30.870000 
30.810000 
30.810000 
30.810000 
30.750000 
30.750000 
30.680000 
30.680000 
30.680000 
30.620000 
30.620000 
30.620000 
