0.000000 
27.946429 
18.117857 
25.764286 
17.264286 
23.742857 
23.471429 
14.928571 
21.364286 
12.778571 
19.171429 
18.814286 
18.457143 
18.100000 
17.742857 
7.735714 
24.853571 
16.621429 
16.264286 
15.907143 
15.550000 
15.192857 
23.107143 
16.042857 
15.728571 
23.685714 
16.664286 
16.392857 
24.392857 
17.414286 
26.835714 
18.782143 
18.603571 
18.425000 
26.517857 
19.632143 
19.496429 
19.360714 
27.496429 
20.653571 
28.832143 
22.032143 
21.982143 
21.932143 
21.882143 
21.832143 
31.432143 
23.557143 
23.557143 
100.000000 
0.000000 
3.571429 
7.142857 
10.714286 
14.285714 
17.857143 
21.428571 
15.350000 
26.746429 
30.267857 
33.789286 
37.310714 
50.482143 
36.528571 
57.575000 
53.271429 
56.842857 
68.685714 
57.278571 
67.600000 
71.171429 
74.742857 
68.664286 
71.789286 
73.746429 
75.660714 
76.153571 
70.828571 
79.314286 
71.357143 
72.560714 
71.175000 
72.200000 
70.635714 
71.482143 
69.739286 
60.757143 
68.039286 
65.982143 
66.335714 
55.828571 
53.060714 
51.535714 
55.650000 
55.425000 
44.339286 
49.264286 
40.453571 
44.032143 
33.621429 
39.475000 
35.989286 
34.914286 
31.250000 
29.996429 
35.803571 
25.167857 
31.964286 
21.192857 
27.853571 
26.596429 
25.296429 
22.575000 
22.307143 
29.142857 
20.957143 
27.750000 
27.792857 
27.835714 
27.878571 
27.921429 
27.964286 
28.007143 
28.050000 
28.092857 
28.135714 
28.178571 
36.492857 
29.828571 
38.185714 
41.214286 
41.789286 
35.260714 
43.753571 
37.267857 
45.803571 
49.010714 
41.492857 
50.121429 
43.771429 
52.442857 
46.135714 
46.578571 
47.021429 
47.464286 
47.907143 
48.350000 
48.792857 
40.964286 
48.114286 
40.242857 
47.350000 
38.057143 
46.239286 
38.275000 
45.289286 
37.282143 
35.982143 
42.910714 
43.089286 
25.346429 
40.057143 
31.871429 
38.664286 
30.435714 
27.535714 
35.360714 
35.310714 
26.989286 
33.646429 
33.553571 
25.189286 
31.803571 
31.667857 
31.532143 
31.396429 
31.260714 
31.125000 
22.717857 
29.289286 
29.110714 
28.932143 
37.025000 
30.139286 
30.003571 
29.867857 
29.732143 
29.596429 
37.732143 
30.889286 
39.067857 
32.267857 
32.217857 
41.817857 
33.942857 
33.942857 
33.942857 
33.942857 
33.942857 
42.214286 
35.507143 
43.821429 
37.157143 
37.242857 
45.600000 
38.978571 
39.107143 
39.235714 
49.014286 
41.317857 
41.496429 
41.675000 
41.853571 
42.032143 
42.210714 
42.389286 
42.567857 
42.746429 
42.925000 
43.103571 
33.632143 
41.635714 
33.492857 
40.328571 
32.142857 
38.935714 
30.707143 
37.457143 
37.457143 
27.807143 
35.632143 
35.582143 
35.532143 
27.210714 
33.867857 
33.775000 
33.682143 
33.589286 
33.496429 
33.403571 
33.310714 
33.217857 
33.125000 
33.032143 
32.939286 
41.117857 
34.317857 
34.267857 
34.217857 
34.167857 
34.117857 
43.717857 
35.842857 
35.842857 
35.842857 
35.842857 
44.114286 
37.407143 
37.450000 
37.492857 
37.535714 
37.578571 
37.621429 
29.392857 
36.142857 
36.142857 
36.142857 
36.142857 
36.142857 
36.142857 
36.142857 
36.142857 
36.142857 
36.142857 
36.142857 
36.142857 
44.414286 
37.707143 
37.750000 
37.792857 
29.564286 
36.314286 
36.314286 
36.314286 
26.664286 
34.489286 
34.439286 
34.389286 
34.339286 
34.289286 
34.239286 
34.189286 
43.789286 
26.264286 
43.739286 
26.214286 
34.039286 
33.989286 
33.939286 
33.889286 
100.000000 
0.000000 
7.142857 
14.285714 
21.428571 
28.571429 
35.714286 
33.207143 
48.175000 
55.267857 
72.010714 
71.278571 
78.421429 
93.835714 
94.271429 
100.000000 
100.000000 
100.000000 
100.000000 
100.000000 
100.000000 
98.914286 
100.000000 
100.000000 
90.550000 
100.000000 
95.792857 
100.000000 
95.657143 
100.000000 
93.957143 
100.000000 
100.000000 
100.000000 
93.557143 
100.000000 
95.832143 
100.000000 
94.232143 
100.000000 
92.885714 
100.000000 
92.664286 
93.067857 
100.000000 
92.307143 
100.000000 
94.582143 
93.282143 
92.971429 
100.000000 
91.592857 
99.196429 
93.064286 
99.321429 
91.589286 
100.000000 
99.192857 
100.000000 
90.742857 
100.000000 
83.814286 
91.767857 
90.382143 
91.407143 
89.842857 
90.689286 
88.946429 
89.614286 
87.692857 
88.182143 
86.082143 
86.392857 
84.114286 
84.246429 
73.517857 
78.800000 
78.617857 
85.496429 
75.932143 
83.800000 
83.750000 
82.278571 
83.260714 
83.075000 
82.846429 
81.196429 
82.000000 
89.907143 
82.792857 
82.385714 
80.557143 
89.453571 
82.203571 
89.932143 
82.639286 
90.325000 
82.989286 
90.632143 
81.875000 
90.592857 
91.435714 
84.007143 
91.557143 
84.085714 
91.592857 
84.078571 
81.892857 
82.160714 
81.260714 
88.589286 
80.896429 
78.532143 
78.621429 
85.814286 
69.714286 
73.921429 
73.832143 
72.575000 
79.546429 
71.496429 
68.775000 
68.507143 
67.071429 
73.864286 
65.635714 
72.385714 
72.385714 
80.657143 
65.678571 
72.428571 
72.428571 
72.428571 
62.778571 
70.603571 
70.553571 
70.503571 
70.453571 
70.403571 
80.003571 
62.478571 
79.953571 
62.428571 
70.253571 
79.853571 
62.328571 
79.803571 
62.278571 
70.103571 
70.053571 
70.003571 
79.603571 
71.728571 
71.728571 
71.728571 
71.728571 
71.728571 
71.728571 
80.000000 
73.292857 
73.335714 
73.378571 
73.421429 
73.464286 
73.507143 
73.550000 
81.864286 
75.200000 
75.285714 
67.100000 
82.164286 
67.228571 
82.292857 
67.357143 
82.421429 
75.757143 
67.571429 
74.364286 
74.407143 
74.450000 
74.492857 
74.535714 
74.578571 
74.621429 
66.392857 
73.142857 
73.142857 
73.142857 
63.492857 
71.317857 
71.267857 
71.217857 
71.167857 
71.117857 
71.067857 
71.017857 
70.967857 
70.917857 
80.517857 
72.642857 
0.000000 
100.000000 
89.235714 
78.471429 
67.707143 
56.942857 
46.178571 
35.414286 
24.650000 
13.885714 
3.121429 
2.007143 
0.000000 
0.000000 
0.000000 
0.000000 
0.000000 
7.292857 
0.000000 
0.000000 
0.000000 
9.035714 
0.000000 
0.010714 
0.000000 
0.000000 
0.367857 
0.000000 
0.000000 
0.000000 
3.803571 
0.000000 
0.000000 
0.000000 
4.382143 
0.000000 
4.696429 
0.000000 
6.128571 
4.560714 
3.171429 
11.610714 
2.753571 
1.950000 
1.325000 
0.878571 
0.610714 
0.521429 
0.610714 
0.878571 
0.000000 
8.450000 
9.203571 
1.864286 
1.410714 
1.092857 
0.000000 
1.071429 
0.000000 
5.546429 
6.975000 
7.414286 
0.000000 
8.535714 
1.060714 
7.321429 
1.192857 
9.053571 
0.650000 
1.585714 
8.382143 
2.789286 
11.185714 
3.317857 
13.060714 
5.414286 
7.107143 
16.039286 
16.978571 
12.278571 
21.567857 
14.592857 
16.957143 
16.910714 
19.453571 
19.585714 
22.307143 
14.346429 
22.575000 
17.246429 
24.485714 
17.914286 
19.514286 
10.389286 
17.410714 
17.725000 
9.810714 
16.917857 
9.046429 
17.575000 
16.900000 
9.121429 
8.092857 
15.335714 
7.600000 
6.614286 
13.900000 
6.207143 
14.914286 
6.146429 
13.525000 
5.925000 
13.346429 
5.789286 
13.253571 
5.739286 
14.625000 
6.035714 
13.592857 
14.442857 
15.335714 
8.000000 
17.064286 
16.925000 
17.953571 
10.753571 
18.575000 
11.417857 
20.660714 
20.700000 
13.635714 
21.592857 
14.571429 
22.571429 
25.242857 
17.189286 
25.282143 
18.396429 
26.532143 
19.689286 
27.867857 
21.067857 
21.017857 
30.617857 
22.742857 
22.742857 
22.742857 
22.742857 
22.742857 
22.742857 
22.742857 
22.742857 
22.742857 
13.092857 
20.917857 
20.867857 
20.817857 
20.767857 
20.717857 
12.396429 
19.053571 
18.960714 
18.867857 
18.775000 
18.682143 
10.317857 
25.203571 
10.089286 
16.703571 
16.567857 
16.432143 
16.296429 
16.160714 
16.025000 
15.889286 
15.753571 
15.617857 
23.753571 
16.910714 
16.817857 
16.725000 
24.903571 
18.103571 
18.053571 
18.003571 
27.603571 
19.728571 
19.728571 
19.728571 
19.728571 
28.000000 
21.292857 
29.607143 
22.942857 
23.028571 
31.385714 
24.764286 
24.892857 
25.021429 
25.150000 
34.928571 
17.582143 
25.585714 
25.714286 
25.842857 
25.971429 
35.750000 
18.403571 
26.407143 
26.535714 
26.664286 
26.792857 
18.650000 
25.485714 
17.300000 
24.092857 
15.864286 
22.614286 
22.614286 
12.964286 
20.789286 
12.467857 
19.125000 
19.032143 
18.939286 
18.846429 
10.482143 
25.367857 
10.253571 
16.867857 
25.003571 
9.889286 
24.775000 
17.932143 
17.839286 
17.746429 
25.925000 
19.125000 
19.075000 
19.025000 
28.625000 
20.750000 
20.750000 
29.021429 
22.314286 
30.628571 
23.964286 
32.321429 
25.700000 
25.828571 
25.957143 
17.814286 
24.650000 
24.735714 
24.821429 
24.907143 
24.992857 
25.078571 
16.892857 
23.685714 
23.728571 
15.500000 
22.250000 
22.250000 
12.600000 
20.425000 
20.375000 
12.053571 
26.982143 
11.910714 
18.567857 
18.475000 
18.382143 
10.017857 
24.903571 
18.060714 
17.967857 
9.603571 
16.217857 
16.082143 
24.217857 
17.375000 
17.282143 
25.460714 
18.660714 
28.260714 
20.385714 
20.385714 
28.657143 
21.950000 
30.264286 
23.600000 
23.685714 
32.042857 
25.421429 
35.200000 
27.503571 
27.682143 
36.132143 
29.603571 
