24.864342 
24.745314 
24.641328 
24.550931 
24.410182 
24.350763 
24.300545 
24.258575 
24.223983 
24.195980 
24.173845 
24.156923 
24.144619 
24.136057 
24.130336 
24.126637 
24.124261 
24.122482 
24.120808 
24.118909 
24.116561 
24.176232 
24.227557 
24.271233 
24.307937 
24.338314 
24.362978 
24.382509 
24.397447 
24.408298 
24.415523 
24.419549 
24.420761 
24.419506 
24.416254 
24.411474 
24.405591 
24.398965 
24.391888 
24.384595 
24.377265 
24.370030 
24.362985 
24.356191 
24.349683 
24.343476 
24.337565 
24.331937 
24.326568 
24.321427 
24.316484 
24.311705 
24.307061 
24.302520 
24.298058 
24.293652 
24.226671 
24.167385 
24.115049 
24.068983 
24.028567 
23.993233 
23.962467 
23.935798 
23.912800 
23.893084 
23.876295 
23.862114 
23.850248 
23.777666 
23.714225 
23.658801 
23.610390 
23.568103 
23.468548 
23.381327 
23.305112 
23.238712 
23.181063 
23.131210 
23.088301 
23.051572 
23.020185 
22.993337 
23.032918 
23.068009 
23.098803 
23.125354 
23.147699 
23.165901 
23.180065 
23.190337 
23.196901 
23.199969 
23.262384 
23.314108 
23.356129 
23.389527 
23.477973 
23.552160 
23.613708 
23.664077 
23.777623 
23.873515 
23.953649 
24.082344 
24.190850 
24.281434 
24.356198 
24.417040 
24.465655 
24.566314 
24.650251 
24.719543 
24.776034 
24.821527 
24.857667 
24.885903 
24.970252 
25.041683 
25.039392 
25.097843 
25.147360 
25.189154 
25.224415 
25.254217 
25.279487 
25.374053 
25.383515 
25.391258 
25.397644 
25.403110 
25.481115 
25.549846 
25.537347 
25.599665 
25.654832 
25.630655 
25.609882 
25.592315 
25.650971 
25.703675 
25.751048 
25.793618 
25.758804 
25.729200 
25.704545 
25.684417 
25.668528 
25.656640 
25.648342 
25.643184 
25.578116 
25.523204 
25.477581 
25.440470 
25.411149 
25.388762 
25.372449 
25.361407 
25.417523 
25.407256 
25.401059 
25.398380 
25.398738 
25.401556 
25.406280 
25.412419 
25.419563 
25.427378 
25.435605 
25.444044 
25.452549 
25.461173 
25.469882 
25.478618 
25.487329 
25.558584 
25.559458 
25.623567 
25.680558 
25.731111 
25.713239 
25.760418 
25.739545 
25.721451 
25.705903 
25.755299 
25.736542 
25.720469 
25.707005 
25.695974 
25.749930 
25.798560 
25.842562 
25.882400 
25.918572 
25.951403 
25.981135 
26.007971 
33.149073 
39.415434 
44.890475 
49.650565 
53.765581 
57.299588 
60.311182 
62.853885 
64.976515 
66.723564 
68.072926 
69.131731 
69.870113 
70.405723 
70.723765 
70.864912 
70.884909 
70.757730 
70.572976 
70.365280 
70.089602 
69.756335 
69.393551 
69.065756 
68.660932 
68.245957 
67.899308 
67.542584 
67.126611 
66.774442 
66.363918 
65.954091 
65.554947 
65.154063 
64.761091 
64.363424 
63.970851 
63.508310 
63.045476 
62.591667 
62.134235 
61.682800 
61.225055 
60.708354 
60.190850 
59.682031 
59.169379 
58.662772 
58.150027 
57.641337 
57.124638 
56.610126 
56.148520 
55.679956 
55.193494 
54.763047 
54.317729 
53.909883 
53.543755 
53.149900 
52.782061 
52.445748 
52.135309 
51.845676 
51.561905 
51.291836 
51.031965 
50.706117 
50.456283 
50.209038 
49.962434 
49.714933 
49.527819 
49.319289 
49.163591 
48.990416 
48.863244 
48.712688 
48.603017 
48.465547 
48.364978 
48.222655 
48.115611 
48.038566 
47.986802 
47.956252 
47.943290 
47.944819 
47.958103 
47.918215 
47.893386 
47.881160 
47.879318 
47.885962 
47.899341 
47.917943 
47.940544 
47.903547 
47.939093 
47.975587 
47.950049 
47.932508 
47.859297 
47.862358 
47.869830 
47.881061 
47.895506 
47.912707 
47.994897 
48.008862 
48.025196 
48.043575 
48.126379 
48.202982 
48.273779 
48.338980 
48.398910 
48.516547 
48.621993 
48.716368 
48.800722 
48.949230 
49.007783 
49.060055 
49.179762 
49.285655 
49.379328 
49.462243 
49.535719 
49.600931 
49.659074 
49.711262 
49.758479 
49.801575 
49.841450 
49.878756 
49.840934 
49.810543 
49.787243 
49.770694 
49.760530 
49.693753 
49.702864 
49.653827 
49.616568 
49.590003 
49.573107 
49.564918 
49.564539 
49.508355 
49.465662 
49.434824 
49.414363 
49.402960 
49.399295 
49.339696 
49.293411 
49.185720 
49.097131 
49.025473 
48.968818 
48.925452 
48.893695 
48.872000 
48.796383 
48.798539 
48.743805 
48.764237 
48.725331 
48.759246 
48.794148 
48.829339 
48.864247 
48.898421 
48.931530 
48.900736 
48.938800 
48.911868 
48.890250 
48.873162 
48.797451 
48.732828 
48.678191 
48.632609 
48.595268 
48.502814 
48.424871 
48.360087 
48.369677 
48.382182 
48.397149 
48.414124 
48.432700 
48.452361 
48.472612 
48.493015 
48.450607 
48.415408 
48.386333 
48.362389 
48.342697 
48.326676 
48.313903 
48.304044 
48.223786 
48.154902 
48.096333 
48.047122 
48.006388 
47.973176 
47.946558 
47.925698 
47.909835 
47.898302 
47.890508 
47.885947 
47.884173 
47.884616 
47.886716 
47.889981 
47.893999 
47.898434 
47.840420 
47.852662 
47.863997 
47.874387 
47.883832 
47.829739 
47.782435 
47.741245 
47.705560 
47.674844 
47.711216 
47.743955 
47.773392 
47.799672 
47.896090 
47.980912 
47.982222 
47.983051 
47.983340 
47.982973 
47.981848 
47.979883 
47.977027 
47.973409 
47.969220 
47.964664 
47.959919 
47.955322 
47.951221 
47.947737 
48.017936 
48.079775 
48.061012 
48.044370 
48.029644 
48.016648 
47.942589 
47.877587 
47.820747 
47.708654 
47.610851 
47.525929 
47.452599 
47.389869 
47.336897 
47.292736 
47.193821 
47.109556 
47.038391 
46.978762 
46.929197 
46.888350 
46.781829 
46.690405 
46.612132 
46.545290 
46.488379 
46.440090 
46.399289 
46.364861 
46.335800 
46.311248 
46.290497 
46.272971 
46.331259 
46.309765 
46.363878 
46.411094 
46.451860 
46.486643 
46.515924 
46.540188 
46.559912 
46.575559 
46.587577 
46.596394 
46.602407 
46.606172 
46.608076 
46.608591 
46.608185 
46.607276 
46.606217 
46.605285 
46.604696 
46.604613 
46.667762 
46.723933 
46.773890 
46.818319 
46.857819 
46.955538 
46.979046 
46.999779 
47.018051 
47.034134 
46.985652 
46.943116 
46.905977 
46.873895 
46.846595 
46.823835 
46.805365 
46.853540 
46.897963 
46.876515 
46.859855 
46.847553 
46.901793 
46.951721 
46.997495 
47.039232 
47.077067 
47.111140 
47.204222 
47.286199 
47.295529 
47.366170 
47.427934 
47.480907 
47.525277 
47.561485 
47.590090 
47.611697 
47.626926 
47.636387 
47.640671 
47.577886 
47.519046 
47.526554 
47.530032 
47.530159 
47.527548 
47.522740 
47.516197 
47.508311 
47.499407 
47.489750 
47.479546 
47.468957 
47.457952 
47.509048 
47.552001 
47.587645 
47.616756 
47.640040 
47.658135 
47.671621 
47.681013 
47.686781 
47.689347 
47.689090 
47.623741 
47.626506 
47.564187 
47.507571 
47.456384 
47.410353 
47.306582 
47.215066 
47.134773 
47.064734 
47.004040 
46.951844 
46.907347 
46.807043 
46.720491 
46.646181 
46.582694 
46.528742 
46.483164 
46.444767 
46.412444 
46.385216 
46.362229 
46.342762 
46.326206 
46.312051 
