28.370000 
28.370000 
28.370000 
28.310000 
28.250000 
28.180000 
28.120000 
28.060000 
28.000000 
27.930000 
27.870000 
27.870000 
27.810000 
27.750000 
27.750000 
27.680000 
27.680000 
27.620000 
27.620000 
27.620000 
27.620000 
27.560000 
27.560000 
27.560000 
27.560000 
27.560000 
27.560000 
27.620000 
27.620000 
27.620000 
27.620000 
27.680000 
27.680000 
27.750000 
27.750000 
27.750000 
27.810000 
27.810000 
27.870000 
27.870000 
27.930000 
27.930000 
28.000000 
28.000000 
28.060000 
28.060000 
28.120000 
28.180000 
28.180000 
28.180000 
28.250000 
28.250000 
28.250000 
28.310000 
28.310000 
28.370000 
28.370000 
28.430000 
28.430000 
28.500000 
28.500000 
28.560000 
28.560000 
28.620000 
28.620000 
28.680000 
28.680000 
28.680000 
28.750000 
28.810000 
28.810000 
28.810000 
28.810000 
28.870000 
28.930000 
28.930000 
28.930000 
28.930000 
28.930000 
29.000000 
29.000000 
29.000000 
29.000000 
29.000000 
29.060000 
29.060000 
29.060000 
29.060000 
29.120000 
29.120000 
29.120000 
29.180000 
29.120000 
29.180000 
29.180000 
29.250000 
29.250000 
29.250000 
29.250000 
29.250000 
29.250000 
29.250000 
29.310000 
29.310000 
29.310000 
29.310000 
29.310000 
29.310000 
29.310000 
29.310000 
29.370000 
29.370000 
29.370000 
29.370000 
29.370000 
29.370000 
29.370000 
29.370000 
29.370000 
29.370000 
29.370000 
29.370000 
29.370000 
29.370000 
29.370000 
29.370000 
29.430000 
29.430000 
29.430000 
29.430000 
29.500000 
29.500000 
29.560000 
29.560000 
29.560000 
29.560000 
29.560000 
29.620000 
29.560000 
29.620000 
29.620000 
29.620000 
29.620000 
29.620000 
29.620000 
29.620000 
29.620000 
29.680000 
29.680000 
29.680000 
29.680000 
29.680000 
29.750000 
29.750000 
29.750000 
29.810000 
29.810000 
29.810000 
29.870000 
29.810000 
29.810000 
29.810000 
29.810000 
29.810000 
29.810000 
29.810000 
29.810000 
29.810000 
29.810000 
29.810000 
29.810000 
29.810000 
29.750000 
29.750000 
29.810000 
29.810000 
29.750000 
29.810000 
29.810000 
29.810000 
29.810000 
29.810000 
29.870000 
29.810000 
29.810000 
29.810000 
29.810000 
29.870000 
29.870000 
29.870000 
29.870000 
29.870000 
29.870000 
29.870000 
29.870000 
29.930000 
29.930000 
29.930000 
29.930000 
29.930000 
30.000000 
30.000000 
30.000000 
30.000000 
30.000000 
30.000000 
30.000000 
30.000000 
30.000000 
30.000000 
30.000000 
30.000000 
30.000000 
30.000000 
30.060000 
30.060000 
30.060000 
30.060000 
30.060000 
30.060000 
30.120000 
30.120000 
30.120000 
30.120000 
30.120000 
30.120000 
30.120000 
30.060000 
30.060000 
30.060000 
30.120000 
30.060000 
30.060000 
30.060000 
30.060000 
30.060000 
30.060000 
30.060000 
30.060000 
30.060000 
30.060000 
30.060000 
30.060000 
30.060000 
30.060000 
30.060000 
30.060000 
30.060000 
30.060000 
30.060000 
30.060000 
30.060000 
30.060000 
30.060000 
30.060000 
30.060000 
30.120000 
30.120000 
30.120000 
30.120000 
30.120000 
30.120000 
30.120000 
30.180000 
30.180000 
30.180000 
30.180000 
30.180000 
30.250000 
30.250000 
30.250000 
30.250000 
30.250000 
30.250000 
30.250000 
30.250000 
30.180000 
30.250000 
30.250000 
30.250000 
30.250000 
30.250000 
30.180000 
30.250000 
30.180000 
30.250000 
30.180000 
30.180000 
30.180000 
30.180000 
30.180000 
30.180000 
30.180000 
30.180000 
30.250000 
30.250000 
30.250000 
30.180000 
30.250000 
30.250000 
30.180000 
30.180000 
30.180000 
30.180000 
30.180000 
30.180000 
30.180000 
30.180000 
30.120000 
30.120000 
30.180000 
30.180000 
30.180000 
30.180000 
30.180000 
30.180000 
30.180000 
30.180000 
30.180000 
30.250000 
30.180000 
30.250000 
30.250000 
30.180000 
30.180000 
30.180000 
30.180000 
30.180000 
30.180000 
30.180000 
30.180000 
30.180000 
30.180000 
30.180000 
30.180000 
30.120000 
30.120000 
30.180000 
30.120000 
30.180000 
30.180000 
30.180000 
30.180000 
30.180000 
30.250000 
30.180000 
30.180000 
30.250000 
30.180000 
30.180000 
