            0            0
  1.0000e-002            0
  2.0000e-002  2.6915e-001
  3.0000e-002  3.7394e-001
  4.0000e-002  4.3400e-001
  5.0000e-002  4.8536e-001
  6.0000e-002  5.2900e-001
  7.0000e-002  5.5866e-001
  8.0000e-002  5.7068e-001
  9.0000e-002  5.6509e-001
  1.0000e-001  5.4418e-001
  1.1000e-001  5.1111e-001
  1.2000e-001  4.6915e-001
  1.3000e-001  4.2137e-001
  1.4000e-001  3.7054e-001
  1.5000e-001  3.1910e-001
  1.6000e-001  2.6913e-001
  1.7000e-001  2.2235e-001
  1.8000e-001  1.8009e-001
  1.9000e-001  1.4332e-001
  2.0000e-001  1.1264e-001
  2.1000e-001  8.8348e-002
  2.2000e-001  7.0435e-002
  2.3000e-001  5.8651e-002
  2.4000e-001  5.2551e-002
  2.5000e-001  5.1532e-002
  2.6000e-001  5.4890e-002
  2.7000e-001  6.1854e-002
  2.8000e-001  7.1631e-002
  2.9000e-001  8.3435e-002
  3.0000e-001  9.6521e-002
  3.1000e-001  1.1021e-001
  3.2000e-001  1.2388e-001
  3.3000e-001  1.3703e-001
  3.4000e-001  1.4924e-001
  3.5000e-001  1.6018e-001
  3.6000e-001  1.6963e-001
  3.7000e-001  1.7745e-001
  3.8000e-001  1.8360e-001
  3.9000e-001  1.8809e-001
  4.0000e-001  1.9099e-001
  4.1000e-001  1.9245e-001
  4.2000e-001  1.9262e-001
  4.3000e-001  1.9169e-001
  4.4000e-001  1.8987e-001
  4.5000e-001  1.8736e-001
  4.6000e-001  1.8436e-001
  4.7000e-001  1.8106e-001
  4.8000e-001  1.7765e-001
  4.9000e-001  1.7426e-001
  5.0000e-001  6.8714e-001
  5.1000e-001  1.1793e+000
  5.2000e-001  1.6063e+000
  5.3000e-001  1.9522e+000
  5.4000e-001  2.2154e+000
  5.5000e-001  2.4000e+000
  5.6000e-001  2.5121e+000
  5.7000e-001  2.5588e+000
  5.8000e-001  2.5485e+000
  5.9000e-001  2.4900e+000
  6.0000e-001  2.3928e+000
  6.1000e-001  2.2666e+000
  6.2000e-001  2.1204e+000
  6.3000e-001  1.9630e+000
  6.4000e-001  1.8022e+000
  6.5000e-001  1.6448e+000
  6.6000e-001  1.4962e+000
  6.7000e-001  1.3611e+000
  6.8000e-001  1.2427e+000
  6.9000e-001  1.1430e+000
  7.0000e-001  1.0632e+000
  7.1000e-001  1.0035e+000
  7.2000e-001  9.6325e-001
  7.3000e-001  9.4112e-001
  7.4000e-001  9.3534e-001
  7.5000e-001  9.4377e-001
  7.6000e-001  9.6402e-001
  7.7000e-001  9.9361e-001
  7.8000e-001  1.0301e+000
  7.9000e-001  1.0711e+000
  8.0000e-001  1.1144e+000
  8.1000e-001  1.1580e+000
  8.2000e-001  1.2004e+000
  8.3000e-001  1.2400e+000
  8.4000e-001  1.2759e+000
  8.5000e-001  1.3072e+000
  8.6000e-001  1.3336e+000
  8.7000e-001  1.3546e+000
  8.8000e-001  1.3705e+000
  8.9000e-001  1.3813e+000
  9.0000e-001  1.3875e+000
  9.1000e-001  1.3896e+000
  9.2000e-001  1.3880e+000
  9.3000e-001  1.3835e+000
  9.4000e-001  1.3767e+000
  9.5000e-001  1.3683e+000
  9.6000e-001  1.3588e+000
  9.7000e-001  1.3487e+000
  9.8000e-001  1.3387e+000
  9.9000e-001  1.3290e+000
  1.0000e+000  1.3201e+000
