            0            0
  1.0000e-002            0
  2.0000e-002  1.0329e+000
  3.0000e-002  8.4319e-001
  4.0000e-002  4.6916e-001
  5.0000e-002  2.2906e-001
  6.0000e-002  1.3009e-001
  7.0000e-002  1.0738e-001
  8.0000e-002  1.1119e-001
  9.0000e-002  1.1878e-001
  1.0000e-001  1.2415e-001
  1.1000e-001  1.2771e-001
  1.2000e-001  1.3094e-001
  1.3000e-001  1.3469e-001
  1.4000e-001  1.3914e-001
  1.5000e-001  1.4411e-001
  1.6000e-001  1.4930e-001
  1.7000e-001  1.5444e-001
  1.8000e-001  1.5933e-001
  1.9000e-001  1.6381e-001
  2.0000e-001  1.6775e-001
  2.1000e-001  1.7110e-001
  2.2000e-001  1.7381e-001
  2.3000e-001  1.7588e-001
  2.4000e-001  1.7731e-001
  2.5000e-001  1.7815e-001
  2.6000e-001  1.7845e-001
  2.7000e-001  1.7829e-001
  2.8000e-001  1.7773e-001
  2.9000e-001  1.7686e-001
  3.0000e-001  1.7575e-001
  3.1000e-001  1.7449e-001
  3.2000e-001  1.7314e-001
  3.3000e-001  1.7177e-001
  3.4000e-001  1.7043e-001
  3.5000e-001  1.6917e-001
  3.6000e-001  1.6802e-001
  3.7000e-001  1.6702e-001
  3.8000e-001  1.6617e-001
  3.9000e-001  1.6549e-001
  4.0000e-001  1.6498e-001
  4.1000e-001  1.6463e-001
  4.2000e-001  1.6443e-001
  4.3000e-001  1.6437e-001
  4.4000e-001  1.6442e-001
  4.5000e-001  1.6457e-001
  4.6000e-001  1.6479e-001
  4.7000e-001  1.6507e-001
  4.8000e-001  1.6539e-001
  4.9000e-001  1.6573e-001
  5.0000e-001 -2.0506e-001
  5.1000e-001 -2.1404e-001
  5.2000e-001 -1.6250e-001
  5.3000e-001 -1.4227e-001
  5.4000e-001 -1.5485e-001
  5.5000e-001 -1.8110e-001
  5.6000e-001 -2.0660e-001
  5.7000e-001 -2.2513e-001
  5.8000e-001 -2.3559e-001
  5.9000e-001 -2.3894e-001
  6.0000e-001 -2.3656e-001
  6.1000e-001 -2.2975e-001
  6.2000e-001 -2.1960e-001
  6.3000e-001 -2.0709e-001
  6.4000e-001 -1.9312e-001
  6.5000e-001 -1.7848e-001
  6.6000e-001 -1.6388e-001
  6.7000e-001 -1.4994e-001
  6.8000e-001 -1.3714e-001
  6.9000e-001 -1.2586e-001
  7.0000e-001 -1.1635e-001
  7.1000e-001 -1.0877e-001
  7.2000e-001 -1.0317e-001
  7.3000e-001 -9.9501e-002
  7.4000e-001 -9.7675e-002
  7.5000e-001 -9.7526e-002
  7.6000e-001 -9.8850e-002
  7.7000e-001 -1.0142e-001
  7.8000e-001 -1.0498e-001
  7.9000e-001 -1.0930e-001
  8.0000e-001 -1.1413e-001
  8.1000e-001 -1.1923e-001
  8.2000e-001 -1.2442e-001
  8.3000e-001 -1.2950e-001
  8.4000e-001 -1.3434e-001
  8.5000e-001 -1.3881e-001
  8.6000e-001 -1.4283e-001
  8.7000e-001 -1.4633e-001
  8.8000e-001 -1.4929e-001
  8.9000e-001 -1.5170e-001
  9.0000e-001 -1.5358e-001
  9.1000e-001 -1.5495e-001
  9.2000e-001 -1.5587e-001
  9.3000e-001 -1.5639e-001
  9.4000e-001 -1.5657e-001
  9.5000e-001 -1.5648e-001
  9.6000e-001 -1.5618e-001
  9.7000e-001 -1.5573e-001
  9.8000e-001 -1.5520e-001
  9.9000e-001 -1.5463e-001
  1.0000e+000 -1.5407e-001
