            0            0
  1.0000e-002            0
  2.0000e-002            0
  3.0000e-002  5.0276e-001
  4.0000e-002  8.7240e-001
  5.0000e-002  1.0322e+000
  6.0000e-002  1.0657e+000
  7.0000e-002  1.0517e+000
  8.0000e-002  1.0305e+000
  9.0000e-002  1.0147e+000
  1.0000e-001  1.0048e+000
  1.1000e-001  9.9851e-001
  1.2000e-001  9.9405e-001
  1.3000e-001  9.9058e-001
  1.4000e-001  9.8789e-001
  1.5000e-001  9.8597e-001
  1.6000e-001  9.8482e-001
  1.7000e-001  9.8443e-001
  1.8000e-001  9.8469e-001
  1.9000e-001  9.8551e-001
  2.0000e-001  9.8678e-001
  2.1000e-001  9.8837e-001
  2.2000e-001  9.9017e-001
  2.3000e-001  9.9209e-001
  2.4000e-001  9.9403e-001
  2.5000e-001  9.9592e-001
  2.6000e-001  9.9768e-001
  2.7000e-001  9.9928e-001
  2.8000e-001  1.0007e+000
  2.9000e-001  1.0018e+000
  3.0000e-001  1.0027e+000
  3.1000e-001  1.0034e+000
  3.2000e-001  1.0039e+000
  3.3000e-001  1.0041e+000
  3.4000e-001  1.0042e+000
  3.5000e-001  1.0040e+000
  3.6000e-001  1.0038e+000
  3.7000e-001  1.0034e+000
  3.8000e-001  1.0030e+000
  3.9000e-001  1.0025e+000
  4.0000e-001  1.0020e+000
  4.1000e-001  1.0015e+000
  4.2000e-001  1.0010e+000
  4.3000e-001  1.0006e+000
  4.4000e-001  1.0002e+000
  4.5000e-001  9.9981e-001
  4.6000e-001  9.9952e-001
  4.7000e-001  9.9929e-001
  4.8000e-001  9.9913e-001
  4.9000e-001  9.9902e-001
  5.0000e-001  9.9897e-001
  5.1000e-001  8.4403e-001
  5.2000e-001  7.2138e-001
  5.3000e-001  6.5504e-001
  5.4000e-001  6.2222e-001
  5.5000e-001  6.0130e-001
  5.6000e-001  5.8177e-001
  5.7000e-001  5.6106e-001
  5.8000e-001  5.3990e-001
  5.9000e-001  5.1972e-001
  6.0000e-001  5.0158e-001
  6.1000e-001  4.8607e-001
  6.2000e-001  4.7347e-001
  6.3000e-001  4.6381e-001
  6.4000e-001  4.5701e-001
  6.5000e-001  4.5290e-001
  6.6000e-001  4.5123e-001
  6.7000e-001  4.5170e-001
  6.8000e-001  4.5397e-001
  6.9000e-001  4.5769e-001
  7.0000e-001  4.6250e-001
  7.1000e-001  4.6804e-001
  7.2000e-001  4.7401e-001
  7.3000e-001  4.8010e-001
  7.4000e-001  4.8606e-001
  7.5000e-001  4.9169e-001
  7.6000e-001  4.9682e-001
  7.7000e-001  5.0131e-001
  7.8000e-001  5.0511e-001
  7.9000e-001  5.0815e-001
  8.0000e-001  5.1045e-001
  8.1000e-001  5.1202e-001
  8.2000e-001  5.1290e-001
  8.3000e-001  5.1317e-001
  8.4000e-001  5.1291e-001
  8.5000e-001  5.1221e-001
  8.6000e-001  5.1115e-001
  8.7000e-001  5.0984e-001
  8.8000e-001  5.0835e-001
  8.9000e-001  5.0678e-001
  9.0000e-001  5.0519e-001
  9.1000e-001  5.0365e-001
  9.2000e-001  5.0221e-001
  9.3000e-001  5.0090e-001
  9.4000e-001  4.9977e-001
  9.5000e-001  4.9883e-001
  9.6000e-001  4.9807e-001
  9.7000e-001  4.9752e-001
  9.8000e-001  4.9715e-001
  9.9000e-001  4.9695e-001
  1.0000e+000  4.9690e-001
