            0            0
  1.0000e-002            0
  2.0000e-002            0
  3.0000e-002  1.6494e-001
  4.0000e-002  2.9687e-001
  5.0000e-002  3.6901e-001
  6.0000e-002  4.0455e-001
  7.0000e-002  4.2611e-001
  8.0000e-002  4.4492e-001
  9.0000e-002  4.6399e-001
  1.0000e-001  4.8281e-001
  1.1000e-001  5.0015e-001
  1.2000e-001  5.1513e-001
  1.3000e-001  5.2729e-001
  1.4000e-001  5.3654e-001
  1.5000e-001  5.4295e-001
  1.6000e-001  5.4672e-001
  1.7000e-001  5.4811e-001
  1.8000e-001  5.4743e-001
  1.9000e-001  5.4501e-001
  2.0000e-001  5.4120e-001
  2.1000e-001  5.3637e-001
  2.2000e-001  5.3085e-001
  2.3000e-001  5.2495e-001
  2.4000e-001  5.1895e-001
  2.5000e-001  5.1311e-001
  2.6000e-001  5.0763e-001
  2.7000e-001  5.0265e-001
  2.8000e-001  4.9831e-001
  2.9000e-001  4.9467e-001
  3.0000e-001  4.9176e-001
  3.1000e-001  4.8960e-001
  3.2000e-001  4.8814e-001
  3.3000e-001  4.8735e-001
  3.4000e-001  4.8716e-001
  3.5000e-001  4.8748e-001
  3.6000e-001  4.8823e-001
  3.7000e-001  4.8931e-001
  3.8000e-001  4.9063e-001
  3.9000e-001  4.9211e-001
  4.0000e-001  4.9367e-001
  4.1000e-001  4.9524e-001
  4.2000e-001  4.9675e-001
  4.3000e-001  4.9815e-001
  4.4000e-001  4.9941e-001
  4.5000e-001  5.0051e-001
  4.6000e-001  5.0142e-001
  4.7000e-001  5.0213e-001
  4.8000e-001  5.0266e-001
  4.9000e-001  5.0300e-001
  5.0000e-001  5.0317e-001
  5.1000e-001  4.7961e-001
  5.2000e-001  4.8555e-001
  5.3000e-001  5.2416e-001
  5.4000e-001  5.8415e-001
  5.5000e-001  6.5464e-001
  5.6000e-001  7.2845e-001
  5.7000e-001  8.0129e-001
  5.8000e-001  8.7043e-001
  5.9000e-001  9.3394e-001
  6.0000e-001  9.9036e-001
  6.1000e-001  1.0386e+000
  6.2000e-001  1.0781e+000
  6.3000e-001  1.1087e+000
  6.4000e-001  1.1304e+000
  6.5000e-001  1.1439e+000
  6.6000e-001  1.1497e+000
  6.7000e-001  1.1488e+000
  6.8000e-001  1.1423e+000
  6.9000e-001  1.1312e+000
  7.0000e-001  1.1166e+000
  7.1000e-001  1.0997e+000
  7.2000e-001  1.0814e+000
  7.3000e-001  1.0626e+000
  7.4000e-001  1.0441e+000
  7.5000e-001  1.0267e+000
  7.6000e-001  1.0107e+000
  7.7000e-001  9.9668e-001
  7.8000e-001  9.8479e-001
  7.9000e-001  9.7519e-001
  8.0000e-001  9.6792e-001
  8.1000e-001  9.6291e-001
  8.2000e-001  9.6001e-001
  8.3000e-001  9.5902e-001
  8.4000e-001  9.5970e-001
  8.5000e-001  9.6178e-001
  8.6000e-001  9.6496e-001
  8.7000e-001  9.6897e-001
  8.8000e-001  9.7353e-001
  8.9000e-001  9.7838e-001
  9.0000e-001  9.8330e-001
  9.1000e-001  9.8808e-001
  9.2000e-001  9.9257e-001
  9.3000e-001  9.9663e-001
  9.4000e-001  1.0002e+000
  9.5000e-001  1.0032e+000
  9.6000e-001  1.0055e+000
  9.7000e-001  1.0073e+000
  9.8000e-001  1.0085e+000
  9.9000e-001  1.0092e+000
  1.0000e+000  1.0094e+000
