            0            0
  1.0000e-002            0
  2.0000e-002  1.0000e+000
  3.0000e-002  1.0000e+000
  4.0000e-002  1.0000e+000
  5.0000e-002  1.0000e+000
  6.0000e-002  1.0000e+000
  7.0000e-002  1.0000e+000
  8.0000e-002  1.0000e+000
  9.0000e-002  1.0000e+000
  1.0000e-001  1.0000e+000
  1.1000e-001  1.0000e+000
  1.2000e-001  1.0000e+000
  1.3000e-001  1.0000e+000
  1.4000e-001  1.0000e+000
  1.5000e-001  1.0000e+000
  1.6000e-001  1.0000e+000
  1.7000e-001  1.0000e+000
  1.8000e-001  1.0000e+000
  1.9000e-001  1.0000e+000
  2.0000e-001  1.0000e+000
  2.1000e-001  1.0000e+000
  2.2000e-001  1.0000e+000
  2.3000e-001  1.0000e+000
  2.4000e-001  1.0000e+000
  2.5000e-001  1.0000e+000
  2.6000e-001  1.0000e+000
  2.7000e-001  1.0000e+000
  2.8000e-001  1.0000e+000
  2.9000e-001  1.0000e+000
  3.0000e-001  1.0000e+000
  3.1000e-001  1.0000e+000
  3.2000e-001  1.0000e+000
  3.3000e-001  1.0000e+000
  3.4000e-001  1.0000e+000
  3.5000e-001  1.0000e+000
  3.6000e-001  1.0000e+000
  3.7000e-001  1.0000e+000
  3.8000e-001  1.0000e+000
  3.9000e-001  1.0000e+000
  4.0000e-001  1.0000e+000
  4.1000e-001  1.0000e+000
  4.2000e-001  1.0000e+000
  4.3000e-001  1.0000e+000
  4.4000e-001  1.0000e+000
  4.5000e-001  1.0000e+000
  4.6000e-001  1.0000e+000
  4.7000e-001  1.0000e+000
  4.8000e-001  1.0000e+000
  4.9000e-001  1.0000e+000
  5.0000e-001  5.0000e-001
  5.1000e-001  5.0000e-001
  5.2000e-001  5.0000e-001
  5.3000e-001  5.0000e-001
  5.4000e-001  5.0000e-001
  5.5000e-001  5.0000e-001
  5.6000e-001  5.0000e-001
  5.7000e-001  5.0000e-001
  5.8000e-001  5.0000e-001
  5.9000e-001  5.0000e-001
  6.0000e-001  5.0000e-001
  6.1000e-001  5.0000e-001
  6.2000e-001  5.0000e-001
  6.3000e-001  5.0000e-001
  6.4000e-001  5.0000e-001
  6.5000e-001  5.0000e-001
  6.6000e-001  5.0000e-001
  6.7000e-001  5.0000e-001
  6.8000e-001  5.0000e-001
  6.9000e-001  5.0000e-001
  7.0000e-001  5.0000e-001
  7.1000e-001  5.0000e-001
  7.2000e-001  5.0000e-001
  7.3000e-001  5.0000e-001
  7.4000e-001  5.0000e-001
  7.5000e-001  5.0000e-001
  7.6000e-001  5.0000e-001
  7.7000e-001  5.0000e-001
  7.8000e-001  5.0000e-001
  7.9000e-001  5.0000e-001
  8.0000e-001  5.0000e-001
  8.1000e-001  5.0000e-001
  8.2000e-001  5.0000e-001
  8.3000e-001  5.0000e-001
  8.4000e-001  5.0000e-001
  8.5000e-001  5.0000e-001
  8.6000e-001  5.0000e-001
  8.7000e-001  5.0000e-001
  8.8000e-001  5.0000e-001
  8.9000e-001  5.0000e-001
  9.0000e-001  5.0000e-001
  9.1000e-001  5.0000e-001
  9.2000e-001  5.0000e-001
  9.3000e-001  5.0000e-001
  9.4000e-001  5.0000e-001
  9.5000e-001  5.0000e-001
  9.6000e-001  5.0000e-001
  9.7000e-001  5.0000e-001
  9.8000e-001  5.0000e-001
  9.9000e-001  5.0000e-001
  1.0000e+000  5.0000e-001
