22.120000 
22.120000 
22.120000 
22.060000 
22.060000 
22.060000 
22.060000 
22.120000 
22.120000 
22.120000 
22.120000 
22.180000 
22.180000 
22.180000 
22.250000 
22.310000 
22.310000 
22.370000 
22.430000 
22.560000 
22.560000 
22.620000 
22.680000 
22.750000 
22.870000 
22.930000 
23.000000 
23.060000 
23.120000 
23.180000 
23.310000 
23.370000 
23.430000 
23.500000 
23.620000 
23.680000 
23.750000 
23.810000 
23.930000 
24.000000 
24.060000 
24.120000 
24.180000 
24.250000 
24.310000 
24.430000 
24.500000 
24.560000 
24.620000 
24.680000 
24.750000 
24.810000 
24.870000 
24.930000 
25.000000 
25.060000 
25.120000 
25.180000 
25.250000 
25.310000 
25.370000 
25.430000 
25.430000 
25.500000 
25.560000 
25.620000 
25.680000 
25.750000 
25.750000 
25.810000 
25.870000 
25.930000 
26.000000 
26.000000 
26.060000 
26.060000 
26.120000 
26.180000 
26.250000 
26.250000 
26.310000 
26.310000 
26.370000 
26.430000 
26.430000 
26.500000 
26.560000 
26.560000 
26.620000 
26.680000 
26.680000 
26.750000 
26.750000 
26.810000 
26.810000 
26.810000 
26.870000 
26.870000 
26.930000 
26.930000 
27.000000 
27.000000 
27.060000 
27.060000 
27.120000 
27.120000 
27.180000 
27.180000 
27.180000 
27.250000 
27.250000 
27.310000 
27.310000 
27.310000 
27.370000 
27.370000 
27.370000 
27.370000 
27.430000 
27.430000 
27.430000 
27.500000 
27.500000 
27.500000 
27.500000 
27.500000 
27.560000 
27.560000 
27.620000 
27.620000 
27.680000 
27.680000 
27.680000 
27.750000 
27.750000 
27.810000 
27.810000 
27.810000 
27.810000 
27.870000 
27.930000 
27.930000 
27.930000 
27.930000 
27.930000 
28.000000 
28.000000 
28.060000 
28.060000 
28.060000 
28.120000 
28.120000 
28.180000 
28.180000 
28.180000 
28.180000 
28.250000 
28.250000 
28.250000 
28.310000 
28.310000 
28.310000 
28.370000 
28.370000 
28.370000 
28.370000 
28.370000 
28.430000 
28.430000 
28.430000 
28.500000 
28.500000 
28.500000 
28.500000 
28.500000 
28.560000 
28.560000 
28.560000 
28.560000 
28.560000 
28.560000 
28.620000 
28.620000 
28.620000 
28.620000 
28.620000 
28.620000 
28.620000 
28.620000 
28.620000 
28.680000 
28.680000 
28.680000 
28.680000 
28.680000 
28.680000 
28.750000 
28.680000 
28.680000 
28.680000 
28.750000 
28.750000 
28.750000 
28.750000 
28.750000 
28.750000 
28.750000 
28.750000 
28.810000 
28.810000 
28.810000 
28.810000 
28.810000 
28.810000 
28.870000 
28.870000 
28.870000 
28.870000 
28.870000 
28.870000 
28.870000 
28.870000 
28.930000 
28.930000 
28.930000 
29.000000 
29.000000 
29.000000 
29.000000 
29.060000 
29.060000 
29.060000 
29.120000 
29.120000 
29.120000 
29.120000 
29.120000 
29.120000 
29.120000 
29.120000 
29.060000 
29.120000 
29.120000 
29.060000 
29.120000 
29.060000 
29.060000 
29.060000 
29.060000 
29.060000 
29.060000 
29.060000 
29.060000 
29.060000 
29.060000 
29.060000 
29.060000 
29.060000 
29.120000 
29.120000 
29.120000 
29.180000 
29.180000 
29.180000 
29.180000 
29.250000 
29.250000 
29.250000 
29.250000 
29.250000 
29.250000 
29.250000 
29.250000 
29.250000 
29.250000 
29.250000 
29.250000 
29.250000 
29.250000 
29.250000 
29.250000 
29.250000 
29.250000 
29.250000 
29.250000 
29.250000 
29.250000 
29.250000 
29.250000 
29.250000 
29.250000 
29.310000 
29.310000 
29.310000 
29.310000 
29.310000 
29.310000 
29.370000 
29.370000 
29.370000 
29.310000 
29.370000 
29.310000 
29.310000 
29.310000 
29.310000 
29.370000 
29.370000 
29.370000 
29.370000 
29.430000 
29.430000 
29.430000 
29.430000 
29.430000 
29.430000 
29.430000 
29.430000 
29.430000 
29.430000 
29.430000 
29.430000 
29.430000 
29.430000 
29.430000 
29.430000 
29.430000 
29.430000 
29.430000 
29.430000 
29.430000 
29.430000 
29.370000 
29.370000 
29.430000 
29.430000 
29.370000 
29.430000 
29.430000 
29.430000 
29.430000 
29.430000 
29.430000 
29.500000 
29.430000 
29.430000 
29.430000 
29.500000 
29.500000 
29.500000 
29.500000 
29.500000 
29.500000 
29.500000 
29.500000 
29.500000 
29.500000 
29.500000 
29.500000 
29.500000 
29.500000 
29.500000 
29.560000 
29.500000 
29.560000 
29.560000 
29.560000 
29.500000 
29.500000 
29.500000 
29.500000 
29.500000 
29.500000 
29.500000 
29.500000 
29.500000 
29.500000 
29.560000 
29.560000 
29.560000 
29.620000 
29.620000 
29.620000 
29.680000 
29.680000 
29.620000 
29.680000 
29.680000 
29.680000 
29.680000 
29.680000 
29.680000 
29.680000 
29.680000 
29.680000 
29.680000 
29.680000 
29.680000 
29.680000 
29.680000 
