28.560000 
28.560000 
28.590000 
28.590000 
28.590000 
28.560000 
28.590000 
28.590000 
28.590000 
28.590000 
28.590000 
28.590000 
28.590000 
28.590000 
28.590000 
28.590000 
28.555000 
28.555000 
28.555000 
28.555000 
28.555000 
28.590000 
28.590000 
28.590000 
28.590000 
28.620000 
28.620000 
28.620000 
28.655000 
28.685000 
28.715000 
28.745000 
28.780000 
28.810000 
28.840000 
28.870000 
28.930000 
28.965000 
28.995000 
29.055000 
29.125000 
29.185000 
29.215000 
29.310000 
29.370000 
29.435000 
29.465000 
29.555000 
29.590000 
29.685000 
29.715000 
29.810000 
29.840000 
29.935000 
29.995000 
30.090000 
30.125000 
30.185000 
30.245000 
30.340000 
30.370000 
30.435000 
30.525000 
30.590000 
30.625000 
30.715000 
30.775000 
30.840000 
30.900000 
30.965000 
30.995000 
31.060000 
31.125000 
31.185000 
31.215000 
31.245000 
31.310000 
31.340000 
31.400000 
31.430000 
31.465000 
31.495000 
31.590000 
31.625000 
31.655000 
31.715000 
31.745000 
31.780000 
31.840000 
31.870000 
31.900000 
31.965000 
31.995000 
32.025000 
32.055000 
32.090000 
32.155000 
32.185000 
32.215000 
32.250000 
32.280000 
32.340000 
32.340000 
32.400000 
32.435000 
32.465000 
32.525000 
32.525000 
32.590000 
32.620000 
32.620000 
32.715000 
32.715000 
32.750000 
32.750000 
32.810000 
32.840000 
32.870000 
32.870000 
32.900000 
32.965000 
32.965000 
32.965000 
32.965000 
32.995000 
32.995000 
33.025000 
33.060000 
33.090000 
33.125000 
33.125000 
33.155000 
33.185000 
33.185000 
33.245000 
33.280000 
33.280000 
33.340000 
33.340000 
33.370000 
33.370000 
33.400000 
33.430000 
33.430000 
33.465000 
33.465000 
33.500000 
33.500000 
33.530000 
33.530000 
33.560000 
33.560000 
33.560000 
33.590000 
33.650000 
33.650000 
33.650000 
33.650000 
33.685000 
33.685000 
33.685000 
33.715000 
33.715000 
33.715000 
33.775000 
33.775000 
33.805000 
33.805000 
33.840000 
33.870000 
33.870000 
33.900000 
33.930000 
33.930000 
33.930000 
33.965000 
34.000000 
34.000000 
34.000000 
34.000000 
34.000000 
34.000000 
34.000000 
34.000000 
34.000000 
34.030000 
34.060000 
34.060000 
34.055000 
34.090000 
34.090000 
34.125000 
34.120000 
34.155000 
34.125000 
34.125000 
34.125000 
34.125000 
34.125000 
34.125000 
34.125000 
34.155000 
34.155000 
34.155000 
34.185000 
34.215000 
34.215000 
34.215000 
34.250000 
34.250000 
34.280000 
34.310000 
34.310000 
34.340000 
34.340000 
34.370000 
34.400000 
34.435000 
34.435000 
34.465000 
34.465000 
34.495000 
34.495000 
34.495000 
34.495000 
34.465000 
34.465000 
34.495000 
34.495000 
34.495000 
34.525000 
34.525000 
34.525000 
34.525000 
34.525000 
34.525000 
34.525000 
34.525000 
34.555000 
34.555000 
34.555000 
34.555000 
34.555000 
34.555000 
34.555000 
34.525000 
34.555000 
34.555000 
34.525000 
34.555000 
34.555000 
34.555000 
34.590000 
34.620000 
34.655000 
34.650000 
34.680000 
34.715000 
34.750000 
34.750000 
34.780000 
34.780000 
34.780000 
34.780000 
34.780000 
34.745000 
34.780000 
34.780000 
34.780000 
34.775000 
34.810000 
34.775000 
34.775000 
34.775000 
34.775000 
34.775000 
34.775000 
34.775000 
34.805000 
34.805000 
34.840000 
34.840000 
34.840000 
34.840000 
34.840000 
34.840000 
34.840000 
34.805000 
34.775000 
34.775000 
34.775000 
34.775000 
34.775000 
34.745000 
34.745000 
34.745000 
34.745000 
34.745000 
34.745000 
34.775000 
34.745000 
34.745000 
34.745000 
34.745000 
34.775000 
34.775000 
34.805000 
34.840000 
34.840000 
34.840000 
34.840000 
34.870000 
34.870000 
34.870000 
34.905000 
34.905000 
34.905000 
34.935000 
34.905000 
34.935000 
34.935000 
34.965000 
34.935000 
34.965000 
34.965000 
34.995000 
34.995000 
34.995000 
35.030000 
35.030000 
35.030000 
35.060000 
35.060000 
35.060000 
35.030000 
35.030000 
35.060000 
35.030000 
35.060000 
35.060000 
35.090000 
35.060000 
35.060000 
35.060000 
35.025000 
35.025000 
34.995000 
34.995000 
34.995000 
34.935000 
