100.000000 
0.000000 
9.462857 
0.900000 
20.237143 
23.425714 
28.320000 
30.270000 
33.621429 
37.024286 
42.132857 
54.222857 
49.740000 
43.482857 
56.905714 
59.284286 
53.138571 
55.092857 
57.047143 
59.001429 
60.955714 
52.984286 
51.407143 
62.700000 
54.617143 
54.582857 
42.917143 
52.170000 
41.995714 
38.164286 
47.151429 
35.057143 
33.955714 
41.327143 
28.967143 
27.600000 
23.125714 
21.544286 
16.855714 
15.060000 
20.082857 
10.024286 
16.538571 
3.321429 
11.022857 
9.222857 
5.717143 
5.155714 
3.192857 
1.178571 
0.000000 
9.150000 
8.850000 
8.550000 
8.250000 
7.950000 
7.650000 
18.930000 
19.165714 
10.877143 
20.614286 
22.302857 
25.697143 
26.147143 
27.998571 
19.975714 
29.978571 
33.587143 
34.251429 
26.391429 
36.557143 
38.674286 
42.497143 
43.375714 
25.804286 
44.232857 
36.587143 
37.041429 
37.495714 
37.950000 
38.404286 
38.858571 
39.312857 
29.841429 
38.344286 
27.167143 
36.960000 
27.377143 
35.768571 
16.208571 
32.597143 
21.205714 
20.858571 
19.110000 
17.310000 
25.384286 
13.778571 
13.217143 
21.180000 
11.117143 
19.028571 
8.914286 
16.774286 
16.534286 
16.294286 
16.054286 
15.814286 
15.574286 
25.260000 
16.971429 
16.782857 
26.520000 
18.282857 
28.071429 
19.885714 
31.380000 
21.904286 
31.804286 
23.730000 
23.755714 
33.707143 
25.684286 
35.687143 
27.715714 
27.844286 
27.972857 
28.101429 
39.810000 
30.548571 
30.737143 
30.925714 
31.114286 
19.722857 
29.301429 
29.430000 
29.558571 
29.687143 
19.890000 
37.992857 
20.095714 
28.272857 
28.350000 
28.427143 
28.504286 
28.581429 
28.658571 
28.735714 
28.812857 
18.964286 
37.015714 
19.067143 
27.192857 
27.218571 
27.244286 
17.344286 
25.418571 
25.392857 
13.787143 
23.151429 
23.065714 
22.980000 
22.894286 
22.808571 
22.722857 
22.637143 
22.551429 
12.540000 
20.502857 
20.365714 
30.154286 
12.042857 
29.931429 
21.745714 
21.660000 
21.574286 
21.488571 
21.402857 
32.897143 
23.421429 
23.395714 
23.370000 
23.344286 
33.244286 
25.170000 
35.121429 
27.098571 
27.175714 
27.252857 
37.255714 
19.358571 
27.535714 
27.612857 
27.690000 
27.767143 
27.844286 
37.847143 
19.950000 
28.127143 
28.204286 
28.281429 
100.000000 
0.000000 
13.782857 
19.465714 
25.148571 
30.831429 
26.588571 
40.320000 
34.371429 
49.392857 
45.038571 
58.658571 
64.178571 
69.698571 
75.218571 
70.812857 
84.381429 
89.850000 
85.392857 
98.910000 
92.747143 
100.000000 
95.431429 
88.985714 
98.808571 
93.550000 
93.284286 
95.911429 
95.431429 
87.918571 
85.347143 
83.962857 
82.415714 
82.360000 
79.145714 
77.118571 
74.928571 
74.230000 
60.447143 
65.825714 
62.941429 
49.968571 
54.807143 
53.037143 
58.034286 
46.244286 
44.045714 
48.614286 
36.395714 
43.694286 
39.785714 
48.695714 
38.178571 
34.004286 
42.648571 
30.211429 
38.692857 
27.747143 
33.070000 
33.237143 
32.002857 
30.717143 
39.305714 
28.214286 
38.092857 
38.521429 
38.950000 
39.378571 
39.807143 
40.235714 
52.244286 
43.282857 
43.771429 
44.260000 
54.674286 
47.114286 
47.654286 
58.120000 
50.611429 
61.128571 
53.671429 
54.314286 
66.537143 
57.790000 
58.492857 
59.195714 
69.824286 
52.552857 
71.281429 
63.935714 
64.690000 
65.444286 
56.272857 
65.075714 
54.198571 
64.291429 
55.008571 
63.700000 
54.365714 
63.005714 
53.620000 
50.628571 
50.581429 
59.058571 
49.510000 
57.935714 
48.335714 
45.130000 
44.868571 
43.205714 
41.491429 
49.651429 
28.205714 
45.704286 
35.727143 
33.798571 
30.164286 
29.474286 
37.308571 
27.117143 
34.900000 
34.582857 
34.265714 
33.948571 
33.631429 
33.314286 
32.997143 
32.680000 
32.362857 
41.971429 
33.605714 
43.265714 
46.531429 
46.852857 
38.650000 
48.472857 
50.247143 
53.727143 
44.337143 
54.322857 
46.334286 
56.371429 
58.360000 
50.474286 
50.688571 
62.482857 
53.307143 
53.581429 
63.781429 
56.007143 
56.332857 
56.658571 
56.984286 
57.310000 
57.635714 
57.961429 
58.287143 
58.612857 
49.012857 
57.387143 
46.081429 
45.820000 
54.082857 
44.320000 
52.531429 
42.717143 
50.877143 
39.357143 
38.881429 
46.930000 
36.952857 
44.950000 
34.921429 
42.867143 
42.712857 
42.558571 
30.824286 
40.060000 
39.845714 
39.631429 
39.417143 
39.202857 
29.062857 
46.822857 
38.508571 
38.294286 
38.080000 
37.865714 
49.231429 
28.047143 
48.862857 
39.258571 
49.030000 
40.827143 
40.724286 
40.621429 
50.444286 
42.292857 
52.167143 
44.067143 
55.647143 
46.257143 
46.317143 
56.302857 
48.314286 
58.351429 
50.414286 
50.577143 
60.665714 
52.780000 
52.994286 
53.208571 
53.422857 
53.637143 
53.851429 
54.065714 
54.280000 
44.568571 
52.831429 
52.994286 
53.157143 
43.394286 
51.605714 
51.717143 
41.902857 
38.482857 
59.512857 
38.542857 
47.992857 
47.992857 
38.067143 
46.115714 
36.138571 
44.135714 
34.107143 
42.052857 
41.898571 
30.164286 
39.400000 
29.260000 
37.094286 
36.828571 
36.562857 
36.297143 
36.031429 
35.765714 
45.425714 
37.111429 
36.897143 
36.682857 
48.048571 
38.444286 
38.290000 
48.061429 
39.858571 
49.681429 
41.530000 
51.404286 
43.304286 
43.304286 
43.304286 
43.304286 
54.884286 
45.494286 
55.480000 
47.491429 
57.528571 
49.591429 
49.754286 
49.917143 
50.080000 
50.242857 
50.405714 
50.568571 
50.731429 
50.894286 
51.057143 
51.220000 
51.382857 
51.545714 
41.782857 
49.994286 
50.105714 
50.217143 
50.328571 
40.514286 
48.674286 
48.734286 
48.794286 
37.274286 
46.724286 
36.798571 
44.847143 
44.795714 
44.744286 
44.692857 
34.715714 
52.638571 
44.487143 
34.510000 
52.432857 
44.281429 
44.230000 
44.178571 
44.127143 
44.075714 
53.950000 
45.850000 
45.850000 
57.430000 
48.040000 
36.520000 
45.970000 
45.970000 
45.970000 
45.970000 
45.970000 
45.970000 
45.970000 
36.044286 
44.092857 
53.967143 
45.867143 
57.447143 
57.982857 
49.994286 
60.031429 
52.094286 
52.257143 
52.420000 
52.582857 
52.745714 
52.908571 
53.071429 
53.234286 
53.397143 
43.634286 
41.920000 
50.080000 
50.140000 
38.620000 
38.144286 
36.267143 
44.264286 
34.235714 
30.601429 
39.837143 
39.622857 
39.408571 
39.194286 
38.980000 
38.765714 
38.551429 
38.337143 
38.122857 
37.908571 
49.274286 
39.670000 
39.515714 
39.361429 
39.207143 
39.052857 
38.898571 
48.670000 
40.467143 
40.364286 
40.261429 
40.158571 
49.981429 
41.830000 
51.704286 
43.604286 
55.184286 
55.720000 
47.731429 
47.842857 
57.880000 
49.942857 
60.031429 
52.145714 
52.360000 
64.154286 
54.978571 
55.252857 
55.527143 
55.801429 
56.075714 
44.770000 
66.014286 
45.258571 
54.922857 
45.211429 
63.400000 
45.588571 
43.925714 
52.137143 
42.322857 
50.482857 
38.962857 
48.412857 
0.000000 
100.000000 
100.000000 
95.611429 
91.222857 
86.834286 
82.445714 
68.131429 
71.791429 
55.771429 
50.795714 
44.418571 
47.915714 
33.387143 
15.327143 
18.185714 
21.468571 
6.725714 
0.000000 
0.000000 
3.120000 
0.000000 
0.000000 
3.068571 
0.000000 
0.000000 
4.894286 
0.000000 
4.945714 
13.422857 
0.981429 
0.000000 
8.691429 
6.390000 
0.000000 
5.961429 
6.930000 
14.931429 
8.065714 
0.000000 
19.422857 
9.878571 
11.541429 
21.891429 
12.724286 
14.764286 
23.837143 
27.968571 
20.987143 
20.562857 
23.245714 
23.035714 
25.932857 
25.937143 
29.048571 
29.267143 
21.012857 
32.490000 
23.048571 
23.108571 
24.874286 
23.695714 
23.918571 
24.192857 
26.172857 
15.282857 
23.768571 
24.205714 
24.694286 
26.888571 
26.138571 
26.790000 
27.492857 
18.321429 
28.830000 
18.368571 
27.282857 
28.148571 
29.065714 
20.108571 
30.831429 
30.510000 
21.664286 
20.918571 
30.098571 
21.304286 
20.610000 
19.915714 
29.147143 
20.404286 
19.761429 
19.118571 
18.475714 
29.412857 
19.380000 
18.797143 
28.140000 
19.508571 
18.977143 
28.371429 
19.791429 
19.311429 
28.757143 
20.228571 
31.380000 
21.561429 
31.118571 
22.701429 
32.310000 
23.944286 
33.604286 
25.290000 
36.655714 
27.051429 
26.897143 
36.668571 
28.465714 
28.362857 
28.260000 
28.157143 
28.054286 
27.951429 
37.774286 
29.622857 
29.571429 
29.520000 
29.468571 
29.417143 
29.365714 
39.240000 
31.140000 
31.140000 
31.140000 
31.140000 
21.214286 
29.262857 
29.211429 
29.160000 
19.182857 
27.180000 
27.077143 
26.974286 
26.871429 
26.768571 
26.665714 
26.562857 
26.460000 
26.357143 
36.180000 
28.028571 
27.977143 
27.925714 
27.874286 
27.822857 
27.771429 
27.720000 
27.668571 
37.542857 
29.442857 
19.517143 
27.565714 
37.440000 
29.340000 
29.340000 
29.340000 
29.340000 
29.340000 
29.340000 
29.340000 
29.340000 
29.340000 
29.340000 
19.414286 
27.462857 
27.411429 
27.360000 
27.308571 
27.257143 
27.205714 
27.154286 
27.102857 
17.125714 
35.048571 
26.897143 
26.845714 
26.794286 
26.742857 
26.691429 
36.565714 
28.465714 
28.465714 
40.045714 
30.655714 
30.715714 
30.775714 
30.835714 
30.895714 
30.955714 
31.015714 
31.075714 
31.135714 
19.615714 
29.065714 
29.065714 
29.065714 
19.140000 
27.188571 
27.137143 
27.085714 
27.034286 
26.982857 
26.931429 
26.880000 
26.828571 
26.777143 
26.725714 
26.674286 
26.622857 
26.571429 
26.520000 
26.468571 
36.342857 
28.242857 
18.317143 
36.291429 
28.191429 
28.191429 
28.191429 
18.265714 
36.240000 
28.140000 
28.140000 
18.214286 
36.188571 
28.088571 
28.088571 
28.088571 
39.668571 
30.278571 
30.338571 
30.398571 
30.458571 
30.518571 
30.578571 
30.638571 
19.118571 
28.568571 
28.568571 
28.568571 
28.568571 
28.568571 
28.568571 
28.568571 
28.568571 
28.568571 
28.568571 
40.148571 
30.758571 
30.818571 
30.878571 
30.938571 
30.998571 
31.058571 
31.118571 
31.178571 
31.238571 
31.298571 
31.358571 
41.344286 
23.430000 
31.590000 
41.575714 
23.661429 
41.747143 
33.758571 
33.870000 
33.981429 
34.092857 
24.278571 
32.438571 
32.498571 
32.558571 
32.618571 
32.678571 
21.158571 
30.608571 
30.608571 
30.608571 
30.608571 
30.608571 
30.608571 
30.608571 
30.608571 
20.682857 
28.731429 
28.680000 
28.628571 
28.577143 
28.525714 
28.474286 
18.497143 
26.494286 
26.391429 
26.288571 
26.185714 
26.082857 
16.054286 
33.925714 
25.722857 
25.620000 
25.517143 
25.414286 
25.311429 
25.208571 
25.105714 
25.002857 
24.900000 
24.797143 
34.620000 
26.468571 
26.417143 
26.365714 
26.314286 
26.262857 
36.137143 
28.037143 
28.037143 
39.617143 
30.227143 
30.287143 
30.347143 
30.407143 
40.392857 
32.404286 
32.515714 
32.627143 
22.812857 
40.898571 
22.984286 
41.070000 
33.081429 
33.192857 
23.378571 
31.538571 
31.598571 
31.658571 
31.718571 
31.778571 
31.838571 
31.898571 
31.958571 
32.018571 
32.078571 
20.558571 
30.008571 
30.008571 
30.008571 
30.008571 
20.082857 
28.131429 
28.080000 
28.028571 
27.977143 
37.851429 
29.751429 
41.331429 
31.941429 
32.001429 
32.061429 
32.121429 
42.107143 
34.118571 
24.304286 
32.464286 
32.524286 
32.584286 
21.064286 
30.514286 
30.514286 
30.514286 
30.514286 
30.514286 
20.588571 
28.637143 
28.585714 
28.534286 
28.482857 
28.431429 
28.380000 
28.328571 
18.351429 
26.348571 
26.245714 
26.142857 
26.040000 
25.937143 
25.834286 
35.657143 
27.505714 
27.454286 
