24.321874 
23.699428 
23.132209 
22.619422 
22.159955 
21.752421 
21.395185 
21.086400 
20.824038 
20.605919 
20.429740 
20.293102 
20.193536 
20.126041 
20.177306 
20.241526 
20.313440 
20.388420 
20.554985 
20.617326 
20.765419 
20.897227 
21.011399 
21.215014 
21.391018 
21.539610 
21.753885 
21.935092 
22.084986 
22.298043 
22.476330 
22.622432 
22.831209 
23.005206 
23.147105 
23.367422 
23.552335 
23.704813 
23.827719 
24.016551 
24.174171 
24.303353 
24.407002 
24.487905 
24.548626 
24.591815 
24.712435 
24.812661 
24.894912 
24.869023 
24.837150 
24.893533 
24.847442 
24.893103 
24.931870 
24.964942 
24.993296 
25.017710 
25.038786 
25.057314 
25.074063 
25.089699 
25.104415 
25.118171 
25.131152 
25.143260 
25.154617 
25.072941 
24.998490 
24.931370 
24.871608 
24.819156 
24.773897 
24.735661 
24.704226 
24.679338 
24.660707 
24.648019 
24.640940 
24.546645 
24.464499 
24.393627 
24.333112 
24.282054 
24.239593 
24.097041 
23.970394 
23.858900 
23.761808 
23.678380 
23.607887 
23.549615 
23.502526 
23.465494 
23.437412 
23.417243 
23.404032 
23.396918 
23.394729 
23.396256 
23.400374 
23.406093 
23.412574 
23.419128 
23.425213 
23.430418 
23.434449 
23.437119 
23.345854 
23.353163 
23.358957 
23.270802 
23.188839 
23.113114 
23.043642 
22.980405 
22.923348 
22.872381 
22.827372 
22.788155 
22.754531 
22.818401 
22.786867 
22.852250 
22.913947 
22.971379 
23.024012 
23.071395 
23.113179 
23.149121 
23.179078 
23.203003 
23.220935 
23.232995 
23.239708 
23.241426 
23.238777 
23.232484 
23.223278 
23.211844 
23.198807 
23.184723 
23.170068 
23.155243 
23.140573 
23.126315 
23.112656 
23.099726 
23.087598 
23.184186 
23.164855 
23.254262 
23.335658 
23.409090 
23.474642 
23.532441 
23.582649 
23.625471 
23.661144 
23.689938 
23.712153 
23.728112 
23.738557 
23.743971 
23.745120 
23.742838 
23.737937 
23.623273 
23.516243 
23.525219 
23.425913 
23.443225 
23.352659 
23.378918 
23.297332 
23.224567 
23.160445 
23.104707 
23.057028 
23.017033 
22.983909 
22.956698 
22.934823 
22.917490 
23.012139 
22.993468 
22.977961 
22.965102 
22.954317 
22.945060 
22.936846 
22.929264 
23.029872 
23.013788 
23.105524 
23.188264 
23.262049 
23.327409 
23.384677 
23.434124 
33.986977 
43.669529 
52.489109 
60.458419 
67.595027 
73.921234 
79.462878 
84.249370 
88.312998 
91.580482 
94.204996 
96.224296 
97.584615 
98.371326 
98.681739 
98.504402 
98.045714 
97.278071 
96.295792 
95.150738 
93.824340 
92.448992 
90.971881 
89.447351 
87.890130 
86.324480 
84.768288 
83.249409 
81.666277 
80.122903 
78.527667 
76.979135 
75.474073 
73.915337 
72.305129 
70.752895 
69.235615 
67.746860 
66.280348 
64.845519 
63.512713 
62.176626 
60.847977 
59.505695 
58.238433 
57.050834 
55.823387 
54.661484 
53.538972 
52.462526 
51.407464 
50.381892 
49.362581 
48.451847 
47.528078 
46.602475 
45.762525 
44.980996 
44.263689 
43.600275 
42.981210 
42.382313 
41.812322 
41.356470 
40.908147 
40.553931 
40.188827 
39.901049 
39.679314 
39.513194 
39.393142 
39.310551 
39.350175 
39.312563 
39.384094 
39.459171 
39.625725 
39.779830 
39.918531 
40.131903 
40.318193 
40.584377 
40.813479 
41.098374 
41.339953 
41.632482 
41.877815 
42.170923 
42.522439 
42.911444 
43.241495 
43.608817 
43.917437 
44.264032 
44.660955 
45.088488 
45.451407 
45.846981 
46.180128 
46.548217 
46.856188 
47.217188 
47.519945 
47.769803 
48.064562 
48.309197 
48.508738 
48.668289 
48.885498 
49.065128 
49.211913 
49.330196 
49.424172 
49.497620 
49.554242 
49.689826 
49.807156 
49.908985 
49.905310 
49.990762 
49.974475 
49.958187 
49.943326 
50.023493 
50.099468 
50.171866 
50.241125 
50.215065 
50.194266 
50.179199 
50.170218 
50.167212 
50.077694 
49.908899 
49.760304 
49.523296 
49.314122 
49.132263 
48.884632 
48.670577 
48.488845 
48.245533 
48.039138 
47.775497 
47.552870 
47.261124 
47.014238 
46.809205 
46.642589 
46.418439 
46.233422 
46.083949 
45.966499 
45.877747 
45.814287 
45.772876 
45.750208 
45.743196 
45.748685 
45.763741 
45.785825 
45.812770 
45.842473 
45.873076 
45.903041 
46.023648 
46.133978 
46.141019 
46.144595 
46.237133 
46.226219 
46.212196 
46.195451 
46.176399 
46.155496 
46.133209 
46.109982 
46.086240 
46.062723 
46.040212 
46.019112 
45.999592 
45.982054 
45.966598 
45.953171 
45.941623 
45.931778 
45.923408 
45.916278 
45.910169 
45.904874 
45.900190 
45.895926 
45.891918 
45.888015 
45.884084 
45.880018 
45.875740 
45.871192 
45.866342 
45.861152 
45.855620 
45.849751 
45.843556 
45.837063 
45.830304 
45.823300 
45.816089 
45.808709 
45.801206 
45.793606 
45.785957 
45.778284 
45.770613 
45.762962 
45.755349 
45.747785 
45.740273 
45.825286 
45.810294 
45.795436 
45.873236 
45.943677 
45.914384 
45.885548 
45.857278 
45.829690 
45.802870 
45.776898 
45.751839 
45.727733 
45.797438 
45.861012 
45.918539 
45.970412 
46.017143 
46.058942 
46.095869 
46.127956 
46.155234 
46.177765 
46.195611 
46.208877 
46.325591 
46.429509 
46.413438 
46.394892 
46.374588 
46.353168 
46.331218 
46.417104 
46.386612 
46.356929 
46.328379 
46.301238 
46.275716 
46.252335 
46.231706 
46.213971 
46.199063 
46.186787 
46.176908 
46.169151 
46.271528 
46.367141 
46.347904 
46.438271 
46.413412 
46.389941 
46.367733 
46.346678 
46.326693 
46.307704 
46.397535 
46.479407 
46.445490 
46.413034 
46.382664 
46.354582 
46.329204 
46.306589 
46.194158 
46.091784 
45.999188 
45.916042 
45.841966 
45.684492 
45.543772 
45.419415 
45.310791 
45.217126 
45.137602 
45.071373 
44.925090 
44.797609 
44.687564 
44.593570 
44.514286 
44.448412 
44.394396 
44.350662 
44.315718 
44.288208 
44.266945 
44.250887 
44.239141 
44.230608 
44.224226 
44.219058 
44.214330 
44.209383 
44.096028 
44.098808 
43.993187 
43.896135 
43.807952 
43.836853 
43.866410 
43.896967 
43.928893 
43.962504 
43.998094 
44.128337 
44.253324 
44.372779 
44.486649 
44.594577 
44.696103 
44.790763 
44.878529 
44.959545 
45.034038 
45.194733 
45.341797 
45.475567 
45.689206 
45.791026 
45.882042 
45.963164 
46.035280 
46.099205 
46.246657 
46.377023 
46.397530 
46.500636 
46.586675 
46.656344 
46.710505 
46.750453 
46.777304 
46.792118 
46.795926 
46.789744 
46.774599 
46.751844 
46.830794 
46.895761 
46.947985 
46.988732 
47.019213 
47.040551 
47.053768 
47.059778 
46.951510 
46.846424 
46.745076 
46.647883 
46.462669 
46.290080 
46.130678 
45.984894 
45.760527 
45.557737 
45.376388 
45.216163 
45.076581 
44.956612 
44.762505 
44.685417 
44.623822 
44.483481 
44.362626 
44.259438 
44.172186 
44.098920 
44.037708 
43.986752 
43.944454 
43.909416 
43.880441 
43.856186 
43.835721 
43.818386 
43.803373 
43.789902 
43.777308 
43.765067 
43.752782 
43.740172 
43.727058 
