24.180000 
24.180000 
24.180000 
24.180000 
24.180000 
24.180000 
24.120000 
24.060000 
24.000000 
23.930000 
23.870000 
23.870000 
23.810000 
23.750000 
23.750000 
23.680000 
23.680000 
23.680000 
23.680000 
23.750000 
23.750000 
23.750000 
23.810000 
23.810000 
23.870000 
23.930000 
23.930000 
24.000000 
24.060000 
24.060000 
24.120000 
24.180000 
24.250000 
24.310000 
24.310000 
24.370000 
24.500000 
24.500000 
24.560000 
24.620000 
24.680000 
24.750000 
24.750000 
24.870000 
24.870000 
24.930000 
25.000000 
25.000000 
25.060000 
25.120000 
25.180000 
25.180000 
25.250000 
25.310000 
25.370000 
25.370000 
25.430000 
25.500000 
25.500000 
25.560000 
25.620000 
25.620000 
25.680000 
25.680000 
25.750000 
25.750000 
25.810000 
25.810000 
25.870000 
25.930000 
25.930000 
26.000000 
26.060000 
26.060000 
26.120000 
26.120000 
26.180000 
26.180000 
26.250000 
26.250000 
26.310000 
26.310000 
26.370000 
26.430000 
26.430000 
26.430000 
26.500000 
26.500000 
26.560000 
26.560000 
26.560000 
26.560000 
26.620000 
26.620000 
26.620000 
26.620000 
26.680000 
26.680000 
26.750000 
26.750000 
26.750000 
26.750000 
26.810000 
26.810000 
26.810000 
26.870000 
26.870000 
26.870000 
26.930000 
26.930000 
26.930000 
26.930000 
27.000000 
27.000000 
27.000000 
27.060000 
27.000000 
27.060000 
27.060000 
27.060000 
27.060000 
27.060000 
27.060000 
27.120000 
27.120000 
27.120000 
27.120000 
27.120000 
27.180000 
27.180000 
27.180000 
27.250000 
27.250000 
27.250000 
27.250000 
27.310000 
27.310000 
27.310000 
27.310000 
27.310000 
27.310000 
27.310000 
27.370000 
27.370000 
27.430000 
27.370000 
27.430000 
27.430000 
27.430000 
27.500000 
27.500000 
27.500000 
27.500000 
27.500000 
27.500000 
27.560000 
27.500000 
27.500000 
27.500000 
27.500000 
27.500000 
27.500000 
27.560000 
27.560000 
27.560000 
27.560000 
27.620000 
27.560000 
27.620000 
27.620000 
27.620000 
27.620000 
27.620000 
27.620000 
27.680000 
27.680000 
27.680000 
27.680000 
27.680000 
27.680000 
27.680000 
27.750000 
27.750000 
27.750000 
27.750000 
27.750000 
27.750000 
27.750000 
27.750000 
27.750000 
27.750000 
27.750000 
27.810000 
27.750000 
27.810000 
27.810000 
27.810000 
27.810000 
27.870000 
27.870000 
27.870000 
27.870000 
27.870000 
27.870000 
27.870000 
27.810000 
27.870000 
27.870000 
27.870000 
27.870000 
27.870000 
27.870000 
27.870000 
27.810000 
27.870000 
27.870000 
27.870000 
27.870000 
27.870000 
27.870000 
27.870000 
27.870000 
27.930000 
27.930000 
27.930000 
27.930000 
28.000000 
28.000000 
28.000000 
28.000000 
27.930000 
28.000000 
28.000000 
28.000000 
28.000000 
28.000000 
28.000000 
28.000000 
28.000000 
28.000000 
28.000000 
28.000000 
28.060000 
28.060000 
28.060000 
28.000000 
28.060000 
28.060000 
28.060000 
28.060000 
28.060000 
28.060000 
28.000000 
28.060000 
28.060000 
28.060000 
28.060000 
28.060000 
28.060000 
28.000000 
28.000000 
28.000000 
28.000000 
28.000000 
28.000000 
28.000000 
28.000000 
28.000000 
28.000000 
28.000000 
28.000000 
28.000000 
28.000000 
28.000000 
28.000000 
28.060000 
28.000000 
28.000000 
28.060000 
28.060000 
28.000000 
28.060000 
28.060000 
28.060000 
28.000000 
28.060000 
28.060000 
28.060000 
28.060000 
28.060000 
28.060000 
28.060000 
28.120000 
28.120000 
28.120000 
28.120000 
28.120000 
28.120000 
28.120000 
28.120000 
28.120000 
28.120000 
28.120000 
28.120000 
28.120000 
28.120000 
28.180000 
28.120000 
28.180000 
28.120000 
28.120000 
28.120000 
28.180000 
28.120000 
28.180000 
28.180000 
28.180000 
28.180000 
28.180000 
28.180000 
28.180000 
28.180000 
28.180000 
28.180000 
28.250000 
28.250000 
28.250000 
28.250000 
28.250000 
28.250000 
28.250000 
28.250000 
28.250000 
28.250000 
28.250000 
28.250000 
28.310000 
28.250000 
28.310000 
28.310000 
28.250000 
28.310000 
28.250000 
28.310000 
28.310000 
28.310000 
28.310000 
28.310000 
28.310000 
28.310000 
