28.120000 
28.120000 
28.120000 
28.120000 
28.120000 
28.120000 
28.060000 
28.060000 
28.120000 
28.060000 
28.060000 
28.000000 
28.060000 
28.000000 
28.000000 
28.000000 
28.000000 
28.000000 
28.000000 
28.060000 
28.060000 
28.060000 
28.060000 
28.060000 
28.060000 
28.060000 
28.120000 
28.120000 
28.180000 
28.180000 
28.250000 
28.310000 
28.310000 
28.370000 
28.430000 
28.430000 
28.500000 
28.560000 
28.560000 
28.620000 
28.680000 
28.680000 
28.750000 
28.810000 
28.870000 
28.870000 
28.930000 
29.000000 
29.000000 
29.060000 
29.120000 
29.120000 
29.120000 
29.180000 
29.250000 
29.250000 
29.310000 
29.310000 
29.370000 
29.370000 
29.430000 
29.500000 
29.560000 
29.560000 
29.620000 
29.680000 
29.750000 
29.810000 
29.810000 
29.870000 
29.870000 
29.870000 
29.930000 
29.930000 
30.000000 
30.060000 
30.060000 
30.120000 
30.120000 
30.180000 
30.180000 
30.180000 
30.250000 
30.310000 
30.310000 
30.310000 
30.310000 
30.370000 
30.370000 
30.370000 
30.370000 
30.370000 
30.430000 
30.430000 
30.430000 
30.430000 
30.500000 
30.500000 
30.560000 
30.560000 
30.620000 
30.620000 
30.680000 
30.680000 
30.680000 
30.750000 
30.750000 
30.810000 
30.810000 
30.810000 
30.870000 
30.870000 
30.870000 
30.930000 
30.930000 
30.930000 
31.000000 
31.000000 
31.000000 
31.000000 
31.000000 
31.000000 
31.000000 
31.060000 
31.060000 
31.060000 
31.120000 
31.120000 
31.120000 
31.120000 
31.120000 
31.120000 
31.120000 
31.120000 
31.120000 
31.120000 
31.120000 
31.120000 
31.120000 
31.120000 
31.180000 
31.180000 
31.180000 
31.250000 
31.250000 
31.310000 
31.310000 
31.310000 
31.310000 
31.370000 
31.370000 
31.370000 
31.370000 
31.370000 
31.370000 
31.370000 
31.370000 
31.370000 
31.370000 
31.370000 
31.370000 
31.430000 
31.430000 
31.430000 
31.500000 
31.500000 
31.560000 
31.560000 
31.560000 
31.560000 
31.560000 
31.560000 
31.560000 
31.560000 
31.500000 
31.560000 
31.500000 
31.500000 
31.500000 
31.500000 
31.500000 
31.430000 
31.500000 
31.500000 
31.500000 
31.500000 
31.500000 
31.500000 
31.430000 
31.500000 
31.500000 
31.500000 
31.500000 
31.500000 
31.500000 
31.560000 
31.560000 
31.560000 
31.560000 
31.620000 
31.620000 
31.560000 
31.620000 
31.620000 
31.620000 
31.620000 
31.620000 
31.620000 
31.620000 
31.620000 
31.620000 
31.620000 
31.620000 
31.620000 
31.620000 
31.620000 
31.620000 
31.620000 
31.620000 
31.680000 
31.680000 
31.680000 
31.680000 
31.620000 
31.680000 
31.680000 
31.680000 
31.680000 
31.680000 
31.680000 
31.750000 
31.750000 
31.750000 
31.750000 
31.750000 
31.750000 
31.750000 
31.750000 
31.750000 
31.750000 
31.750000 
31.750000 
31.750000 
31.750000 
31.750000 
31.750000 
31.750000 
31.750000 
31.750000 
31.750000 
31.680000 
31.750000 
31.750000 
31.750000 
31.750000 
31.750000 
31.750000 
31.750000 
31.750000 
31.750000 
31.750000 
31.810000 
31.750000 
31.810000 
31.810000 
31.810000 
31.810000 
31.810000 
31.810000 
31.810000 
31.810000 
31.810000 
31.870000 
31.870000 
31.870000 
31.930000 
31.930000 
31.930000 
31.930000 
31.930000 
31.930000 
32.000000 
32.000000 
32.000000 
32.000000 
32.060000 
32.060000 
32.060000 
32.060000 
32.060000 
32.060000 
32.060000 
32.120000 
32.120000 
32.120000 
32.120000 
32.060000 
32.060000 
32.060000 
32.060000 
32.060000 
32.060000 
32.060000 
32.060000 
32.060000 
32.060000 
32.060000 
32.060000 
32.060000 
32.060000 
32.060000 
32.060000 
32.060000 
32.060000 
32.060000 
32.060000 
32.060000 
32.060000 
32.060000 
32.060000 
32.000000 
32.060000 
32.060000 
32.060000 
32.060000 
32.060000 
32.060000 
32.060000 
32.060000 
32.060000 
32.060000 
32.060000 
32.060000 
32.060000 
32.060000 
32.060000 
32.060000 
32.120000 
32.120000 
32.180000 
32.180000 
32.180000 
32.180000 
32.180000 
32.180000 
32.250000 
32.250000 
32.250000 
32.180000 
32.180000 
